Time,Stock,Brd,Price,Qty,BT,BC,SC,ST
15:12:15,ICBP,RG,9000,5,D,YP,DR,D
15:11:55,ICBP,RG,9000,1,D,PD,DR,D
15:10:40,ICBP,RG,9000,2,D,NI,DR,D
15:09:02,ICBP,RG,9000,2,D,NI,DR,D
15:08:15,ICBP,RG,9000,3,D,NI,DR,D
15:07:49,ICBP,RG,9000,20,D,NI,DR,D
15:07:36,ICBP,RG,9000,5,D,NI,DR,D
15:06:48,ICBP,RG,9000,1,D,EP,DR,D
15:05:04,ICBP,RG,9000,10,D,YP,DR,D
15:00:00,ICBP,RG,9000,1,D,PD,DR,D
15:00:00,ICBP,RG,9000,1,D,YP,DR,D
15:00:00,ICBP,RG,9000,5,D,XC,DR,D
15:00:00,ICBP,RG,9000,2,D,PD,DR,D
15:00:00,ICBP,RG,9000,1,D,NI,DR,D
15:00:00,ICBP,RG,9000,11,D,CC,DR,D
15:00:00,ICBP,RG,9000,134,D,DR,DR,D
15:00:00,ICBP,RG,9000,10,D,DR,CC,D
15:00:00,ICBP,RG,9000,3,D,DR,XC,D
15:00:00,ICBP,RG,9000,21,D,DR,XC,D
15:00:00,ICBP,RG,9000,2,D,DR,PD,D
15:00:00,ICBP,RG,9000,5,D,DR,CC,D
15:00:00,ICBP,RG,9000,3,D,DR,YP,D
15:00:00,ICBP,RG,9000,22,D,DR,PD,D
15:00:00,ICBP,RG,9000,6,D,OD,PD,D
15:00:00,ICBP,RG,9000,2,D,XC,PD,D
15:00:00,ICBP,RG,9000,12,D,PD,PD,D
15:00:00,ICBP,RG,9000,1,D,YP,PD,D
15:00:00,ICBP,RG,9000,10,D,YP,PD,D
15:00:00,ICBP,RG,9000,1,D,GR,PD,D
15:00:00,ICBP,RG,9000,5,D,YU,PD,D
15:00:00,ICBP,RG,9000,1,D,TP,PD,D
15:00:00,ICBP,RG,9000,50,D,TP,OD,D
15:00:00,ICBP,RG,9000,1,D,TP,KK,D
15:00:00,ICBP,RG,9000,1,D,YP,XC,D
15:00:00,ICBP,RG,9000,4,D,YP,YP,D
15:00:00,ICBP,RG,9000,46,F,AK,YP,D
15:00:00,ICBP,RG,9000,5,F,AK,YP,D
15:00:00,ICBP,RG,9000,3,F,AK,PD,D
15:00:00,ICBP,RG,9000,1,F,AK,XC,D
15:00:00,ICBP,RG,9000,4,F,AK,MG,D
15:00:00,ICBP,RG,9000,5,F,AK,MG,D
15:00:00,ICBP,RG,9000,5,F,AK,MG,D
15:00:00,ICBP,RG,9000,1,F,AK,PD,D
15:00:00,ICBP,RG,9000,5,F,AK,PD,D
15:00:00,ICBP,RG,9000,1,F,AK,GR,D
15:00:00,ICBP,RG,9000,3,F,AK,EP,D
15:00:00,ICBP,RG,9000,1,F,AK,PD,D
15:00:00,ICBP,RG,9000,10,F,AK,CC,D
15:00:00,ICBP,RG,9000,1,F,AK,PD,D
15:00:00,ICBP,RG,9000,10,F,AK,EP,D
15:00:00,ICBP,RG,9000,2,F,AK,CC,D
15:00:00,ICBP,RG,9000,1,F,AK,XC,D
15:00:00,ICBP,RG,9000,1,F,AK,XC,D
15:00:00,ICBP,RG,9000,1,F,AK,KK,D
15:00:00,ICBP,RG,9000,36,F,AK,YP,D
15:00:00,ICBP,RG,9000,24,F,DX,YP,D
15:00:00,ICBP,RG,9000,1,F,DX,XC,D
15:00:00,ICBP,RG,9000,6,F,DX,PD,D
15:00:00,ICBP,RG,9000,3,F,DX,CC,D
15:00:00,ICBP,RG,9000,3,F,DX,PD,D
15:00:00,ICBP,RG,9000,2,F,DX,SQ,D
15:00:00,ICBP,RG,9000,1,F,DX,PD,D
15:00:00,ICBP,RG,9000,4,F,DX,PD,D
15:00:00,ICBP,RG,9000,1,F,DX,YP,D
15:00:00,ICBP,RG,9000,12,F,DX,YP,D
15:00:00,ICBP,RG,9000,22,F,DX,XC,D
15:00:00,ICBP,RG,9000,10,F,DX,PD,D
15:00:00,ICBP,RG,9000,1,F,DX,PD,D
15:00:00,ICBP,RG,9000,1,F,DX,PD,D
15:00:00,ICBP,RG,9000,8,F,DX,PD,D
15:00:00,ICBP,RG,9000,28,F,DX,PD,D
15:00:00,ICBP,RG,9000,2,F,DX,GR,D
15:00:00,ICBP,RG,9000,10,F,DX,YP,D
15:00:00,ICBP,RG,9000,1,F,DX,KK,D
15:00:00,ICBP,RG,9000,7,F,DX,PD,D
15:00:00,ICBP,RG,9000,9,F,DX,YP,D
15:00:00,ICBP,RG,9000,34,F,DX,DH,F
15:00:00,ICBP,RG,9000,21,F,DX,NI,D
15:00:00,ICBP,RG,9000,3,F,DX,XC,D
15:00:00,ICBP,RG,9000,7,F,DX,KK,D
15:00:00,ICBP,RG,9000,15,F,DX,EP,D
15:00:00,ICBP,RG,9000,114,F,DX,ZP,F
15:00:00,ICBP,RG,9000,4,F,DX,ZP,F
15:00:00,ICBP,RG,9000,9,F,DX,ZP,F
15:00:00,ICBP,RG,9000,8,F,DX,BK,F
15:00:00,ICBP,RG,9000,51,F,DX,CS,F
15:00:00,ICBP,RG,9000,357,D,BK,CS,F
15:00:00,ICBP,RG,9000,23,D,BK,CS,F
15:00:00,ICBP,RG,9000,18,F,AK,CS,F
15:00:00,ICBP,RG,9000,3,F,AK,AK,F
15:00:00,ICBP,RG,9000,3,F,AK,AK,F
15:00:00,ICBP,RG,9000,2,F,YU,AK,F
15:00:00,ICBP,RG,9000,16,F,YU,CC,D
15:00:00,ICBP,RG,9000,34,F,YU,LG,D
15:00:00,ICBP,RG,9000,40,D,OD,LG,D
14:49:57,ICBP,RG,9000,72,F,DX,PD,D
14:49:57,ICBP,RG,9000,5,F,DX,DH,D
14:49:51,ICBP,RG,8975,2,F,DX,YP,D
14:49:47,ICBP,RG,8975,2,F,DX,CS,F
14:49:47,ICBP,RG,8975,1,F,YU,CS,F
14:49:45,ICBP,RG,8975,1,F,YU,ZP,F
14:49:38,ICBP,RG,8975,1,F,YU,CS,F
14:49:37,ICBP,RG,8975,8,F,YU,CS,F
14:49:31,ICBP,RG,9000,7,F,DX,DH,D
14:49:30,ICBP,RG,8975,1,F,YU,CS,F
14:49:30,ICBP,RG,8975,4,F,YU,CS,F
14:49:29,ICBP,RG,8975,1,F,YU,ZP,F
14:49:27,ICBP,RG,8975,1,F,YU,ZP,F
14:49:26,ICBP,RG,8975,4,F,YU,CS,F
14:49:26,ICBP,RG,8975,8,D,CC,CS,F
14:49:26,ICBP,RG,8975,2,D,CC,ZP,F
14:49:25,ICBP,RG,8975,2,D,CC,YP,D
14:49:21,ICBP,RG,8975,1,D,XC,CS,F
14:49:15,ICBP,RG,8975,4,D,XC,CS,F
14:49:15,ICBP,RG,8975,8,F,DX,CS,F
14:49:11,ICBP,RG,8975,1,F,DX,BB,F
14:49:10,ICBP,RG,8975,1,F,DX,CS,F
14:49:08,ICBP,RG,9000,1,D,YP,DH,D
14:49:05,ICBP,RG,8975,5,F,DX,CS,F
14:49:05,ICBP,RG,8975,1,D,PD,CS,F
14:49:05,ICBP,RG,8975,3,F,DX,CS,F
14:49:01,ICBP,RG,8975,2,F,DX,ZP,F
14:49:01,ICBP,RG,8975,1,F,DX,CS,F
14:49:00,ICBP,RG,8975,1,F,DX,AK,F
14:49:00,ICBP,RG,8975,31,F,DX,AK,F
14:49:00,ICBP,RG,8975,2,F,DX,AK,F
14:49:00,ICBP,RG,8975,1,F,DX,AK,F
14:48:57,ICBP,RG,8975,1,F,DX,CS,F
14:48:56,ICBP,RG,8975,7,F,DX,CS,F
14:48:46,ICBP,RG,8975,14,F,DX,CS,F
14:48:45,ICBP,RG,8975,2,F,DX,AK,F
14:48:45,ICBP,RG,8975,13,F,DX,AK,F
14:48:45,ICBP,RG,8975,7,F,DX,AK,F
14:48:45,ICBP,RG,8975,2,F,DX,AK,F
14:48:30,ICBP,RG,8975,1,F,DX,AK,F
14:48:29,ICBP,RG,8975,2,F,DX,CS,F
14:48:28,ICBP,RG,8975,6,F,DX,YP,D
14:48:27,ICBP,RG,8975,11,F,DX,CS,F
14:48:20,ICBP,RG,9000,2,F,AK,DH,D
14:48:20,ICBP,RG,9000,1,F,AK,KK,D
14:48:20,ICBP,RG,9000,3,F,AK,GR,D
14:48:20,ICBP,RG,9000,10,F,AK,CC,D
14:48:20,ICBP,RG,9000,2,F,AK,PC,D
14:48:17,ICBP,RG,9000,1,F,AK,PC,D
14:48:17,ICBP,RG,9000,1,F,AK,PD,D
14:48:17,ICBP,RG,9000,17,F,AK,PD,D
14:48:17,ICBP,RG,8975,1,F,DX,YB,D
14:48:16,ICBP,RG,8975,2,F,DX,YP,D
14:48:14,ICBP,RG,8975,2,F,DX,ZP,F
14:48:13,ICBP,RG,9000,3,F,DX,PD,D
14:48:13,ICBP,RG,9000,1,F,DX,YP,D
14:48:13,ICBP,RG,9000,5,F,DX,YP,D
14:48:13,ICBP,RG,9000,1,F,DX,CC,D
14:48:13,ICBP,RG,9000,32,F,DX,NI,D
14:48:13,ICBP,RG,8975,12,F,DX,CS,F
14:48:11,ICBP,RG,8975,2,F,DX,ZP,F
14:48:09,ICBP,RG,8975,2,F,DX,CS,F
14:47:56,ICBP,RG,8975,3,F,DX,CS,F
14:47:56,ICBP,RG,8975,10,D,MK,CS,F
14:47:56,ICBP,RG,8975,3,F,YU,CS,F
14:47:51,ICBP,RG,8975,6,F,YU,NI,D
14:47:51,ICBP,RG,8975,4,F,DX,NI,D
14:47:46,ICBP,RG,9000,28,F,DX,NI,D
14:47:39,ICBP,RG,8975,3,F,DX,CS,F
14:47:36,ICBP,RG,8975,23,F,DX,CS,F
14:47:20,ICBP,RG,9000,14,F,DX,NI,D
14:47:04,ICBP,RG,8975,34,F,DX,CS,F
14:47:04,ICBP,RG,9000,5,D,LG,NI,D
14:47:01,ICBP,RG,8975,7,F,DX,YP,D
14:46:58,ICBP,RG,8975,4,F,DX,CS,F
14:46:52,ICBP,RG,9000,21,F,DX,NI,D
14:46:52,ICBP,RG,9000,2,F,DX,DX,D
14:46:52,ICBP,RG,9000,2,F,DX,AT,D
14:46:52,ICBP,RG,9000,35,F,DX,CC,D
14:46:44,ICBP,RG,9000,31,F,AK,CC,D
14:46:29,ICBP,RG,8975,3,F,DX,PD,D
14:46:24,ICBP,RG,9000,94,D,KK,CC,D
14:46:24,ICBP,RG,9000,1,D,KK,PD,D
14:46:24,ICBP,RG,9000,30,D,KK,KK,D
14:46:24,ICBP,RG,9000,2,D,KK,XC,D
14:46:24,ICBP,RG,9000,4,D,KK,PD,D
14:46:24,ICBP,RG,9000,2,D,KK,DR,D
14:46:24,ICBP,RG,9000,1,D,KK,YP,D
14:46:24,ICBP,RG,9000,50,D,KK,OD,D
14:46:24,ICBP,RG,9000,1,D,KK,YP,D
14:46:24,ICBP,RG,9000,1,D,KK,YP,D
14:46:24,ICBP,RG,9000,3,D,KK,YP,D
14:46:24,ICBP,RG,9000,20,D,KK,CC,D
14:46:24,ICBP,RG,9000,5,D,KK,EP,D
14:46:24,ICBP,RG,9000,100,D,KK,ES,D
14:46:24,ICBP,RG,9000,5,D,KK,MG,D
14:46:24,ICBP,RG,9000,5,D,KK,YP,D
14:46:24,ICBP,RG,9000,1,D,KK,XC,D
14:46:24,ICBP,RG,9000,1,D,KK,NI,D
14:46:24,ICBP,RG,9000,5,D,KK,KK,D
14:46:24,ICBP,RG,9000,60,D,KK,IF,D
14:46:24,ICBP,RG,9000,1,D,KK,PD,D
14:46:24,ICBP,RG,9000,3,D,KK,YP,D
14:46:24,ICBP,RG,9000,24,D,KK,PD,D
14:46:24,ICBP,RG,9000,1,D,KK,XC,D
14:46:24,ICBP,RG,9000,2,D,KK,XC,D
14:46:24,ICBP,RG,9000,2,D,KK,XL,D
14:46:24,ICBP,RG,9000,1,D,KK,XC,D
14:46:24,ICBP,RG,9000,1,D,KK,AT,D
14:46:24,ICBP,RG,9000,300,D,KK,DR,D
14:46:24,ICBP,RG,9000,2,D,KK,PD,D
14:46:24,ICBP,RG,9000,5,D,KK,NI,D
14:46:24,ICBP,RG,9000,3,D,KK,KK,D
14:46:24,ICBP,RG,9000,3,D,KK,PD,D
14:46:24,ICBP,RG,9000,64,D,KK,YP,D
14:46:18,ICBP,RG,9000,10,F,DX,YP,D
14:45:47,ICBP,RG,9000,8,D,GR,YP,D
14:45:46,ICBP,RG,8975,6,F,DX,CC,D
14:45:46,ICBP,RG,8975,8,D,DX,CC,D
14:45:46,ICBP,RG,8975,85,F,DX,CC,D
14:45:21,ICBP,RG,9000,28,F,DX,YP,D
14:45:21,ICBP,RG,9000,1,F,DX,PD,D
14:45:21,ICBP,RG,9000,10,F,DX,CC,D
14:45:21,ICBP,RG,9000,10,F,DX,DH,D
14:45:21,ICBP,RG,9000,1,F,DX,CC,D
14:45:21,ICBP,RG,9000,2,F,DX,SQ,D
14:45:21,ICBP,RG,9000,1,F,DX,XC,D
14:45:21,ICBP,RG,9000,1,F,DX,CC,D
14:45:14,ICBP,RG,8975,1,F,DX,GR,D
14:44:50,ICBP,RG,9000,36,F,DX,CC,D
14:44:46,ICBP,RG,9000,23,D,XC,CC,D
14:44:24,ICBP,RG,9000,36,F,DX,CC,D
14:44:07,ICBP,RG,8975,5,F,DX,YP,D
14:44:07,ICBP,RG,8975,2,D,AF,YP,D
14:44:07,ICBP,RG,8975,3,F,YU,YP,D
14:44:07,ICBP,RG,8975,2,D,SQ,YP,D
14:44:02,ICBP,RG,8975,1,D,SQ,DR,D
14:43:56,ICBP,RG,9000,4,F,DX,CC,D
14:43:56,ICBP,RG,9000,3,F,DX,CC,D
14:43:56,ICBP,RG,9000,1,F,DX,PD,D
14:43:56,ICBP,RG,9000,1,F,DX,XC,D
14:43:56,ICBP,RG,9000,5,F,DX,PD,D
14:43:56,ICBP,RG,9000,8,F,DX,DH,D
14:43:56,ICBP,RG,9000,2,F,DX,DH,D
14:43:56,ICBP,RG,9000,8,F,DX,XC,D
14:43:56,ICBP,RG,9000,1,F,DX,YP,D
14:43:56,ICBP,RG,9000,3,F,DX,YP,D
14:43:56,ICBP,RG,9000,3,F,DX,NI,D
14:43:56,ICBP,RG,9000,2,F,DX,PD,D
14:43:56,ICBP,RG,9000,3,F,DX,CC,D
14:43:56,ICBP,RG,9000,1,F,DX,XC,D
14:43:41,ICBP,RG,8975,3,D,SQ,YP,D
14:43:29,ICBP,RG,8975,2,D,SQ,KK,D
14:43:29,ICBP,RG,9000,1,F,DX,XC,D
14:43:29,ICBP,RG,9000,1,F,DX,PD,D
14:43:29,ICBP,RG,9000,1,F,DX,PD,D
14:43:29,ICBP,RG,9000,5,F,DX,CC,D
14:43:29,ICBP,RG,9000,2,F,DX,YP,D
14:43:26,ICBP,RG,8975,1,D,SQ,CS,F
14:43:26,ICBP,RG,8975,1,D,SQ,CS,F
14:43:25,ICBP,RG,8975,1,F,DX,CS,F
14:43:24,ICBP,RG,8975,1,F,DX,CS,F
14:43:24,ICBP,RG,8975,1,F,DX,CS,F
14:43:23,ICBP,RG,8975,1,F,DX,CS,F
14:43:23,ICBP,RG,8975,1,F,DX,CS,F
14:43:23,ICBP,RG,8975,1,F,DX,CS,F
14:43:22,ICBP,RG,8975,1,F,DX,CS,F
14:43:22,ICBP,RG,8975,1,F,DX,CS,F
14:43:22,ICBP,RG,8975,1,F,DX,AI,D
14:43:15,ICBP,RG,8975,2,D,PD,AI,D
14:42:57,ICBP,RG,8975,1,F,YU,CS,F
14:42:56,ICBP,RG,8975,3,F,AK,CS,F
14:42:56,ICBP,RG,8975,7,F,AK,CS,F
14:42:55,ICBP,RG,8975,4,F,AK,CC,D
14:42:55,ICBP,RG,8975,5,F,AK,CS,F
14:42:55,ICBP,RG,8975,1,F,CS,CS,F
14:42:54,ICBP,RG,8975,8,F,DX,CS,F
14:42:54,ICBP,RG,8975,8,F,DX,CS,F
14:42:53,ICBP,RG,8975,3,F,DX,MG,D
14:42:53,ICBP,RG,8975,8,F,DX,CS,F
14:42:53,ICBP,RG,8975,6,F,DX,CS,F
14:42:36,ICBP,RG,8975,21,F,YU,CS,F
14:42:36,ICBP,RG,8975,13,F,AK,CS,F
14:42:36,ICBP,RG,8975,20,F,AK,YP,D
14:42:36,ICBP,RG,8975,27,F,AK,YP,D
14:42:36,ICBP,RG,8975,2,F,AK,PD,D
14:42:36,ICBP,RG,8975,1,F,AK,AK,F
14:42:36,ICBP,RG,8975,35,F,AK,AK,F
14:42:36,ICBP,RG,8975,3,F,AK,AK,F
14:42:36,ICBP,RG,8975,45,F,AK,AK,F
14:42:36,ICBP,RG,8975,1,F,AK,YP,D
14:42:36,ICBP,RG,8975,20,F,AK,KK,D
14:42:36,ICBP,RG,8975,6,F,AK,YP,D
14:42:36,ICBP,RG,8975,2,F,AK,DH,D
14:42:36,ICBP,RG,8975,7,F,AK,PD,D
14:42:36,ICBP,RG,8975,22,F,AK,DR,D
14:42:36,ICBP,RG,8975,1,F,AK,SQ,D
14:42:36,ICBP,RG,8975,7,F,AK,NI,D
14:42:36,ICBP,RG,8975,31,F,AK,CS,F
14:42:36,ICBP,RG,8975,41,F,YU,CS,F
14:42:35,ICBP,RG,8975,1,F,CS,CS,F
14:42:35,ICBP,RG,8975,1,D,CS,CS,F
14:42:34,ICBP,RG,8975,13,D,YP,CS,F
14:42:34,ICBP,RG,8975,5,D,YP,MG,D
14:42:34,ICBP,RG,8975,5,D,YP,MG,D
14:42:34,ICBP,RG,8975,5,D,YP,MG,D
14:42:34,ICBP,RG,8975,10,D,YP,BK,F
14:42:34,ICBP,RG,8975,10,D,YP,CC,D
14:42:34,ICBP,RG,8975,35,D,YP,BB,F
14:42:34,ICBP,RG,8975,1,D,YP,ZP,F
14:42:34,ICBP,RG,8975,14,D,YP,BK,F
14:42:34,ICBP,RG,8975,2,D,YP,ZP,F
14:42:34,ICBP,RG,8975,77,D,YP,OD,D
14:42:34,ICBP,RG,8975,1,D,YP,XC,D
14:42:34,ICBP,RG,8975,30,D,YP,PD,D
14:42:34,ICBP,RG,8975,14,D,YP,BK,F
14:42:34,ICBP,RG,8975,1,D,YP,PD,D
14:42:34,ICBP,RG,8975,7,D,YP,CS,F
14:42:34,ICBP,RG,8975,100,D,YP,NI,D
14:42:34,ICBP,RG,8975,77,D,YP,OD,D
14:42:34,ICBP,RG,8975,2,D,YP,CC,D
14:42:34,ICBP,RG,8975,29,D,YP,CS,F
14:42:34,ICBP,RG,8975,6,D,YP,CS,F
14:42:34,ICBP,RG,8975,14,D,YP,BK,F
14:42:34,ICBP,RG,8975,6,D,YP,CS,F
14:42:34,ICBP,RG,8975,1,D,YP,PD,D
14:42:34,ICBP,RG,8975,5,D,YP,AO,D
14:42:34,ICBP,RG,8975,16,D,YP,YP,D
14:42:34,ICBP,RG,8975,5,D,YP,CS,F
14:42:34,ICBP,RG,8975,20,D,YP,CS,F
14:42:34,ICBP,RG,8975,14,D,YP,XC,D
14:42:34,ICBP,RG,8975,77,D,YP,OD,D
14:42:34,ICBP,RG,8975,63,D,YP,CS,F
14:42:34,ICBP,RG,8975,10,D,YP,ZP,F
14:42:34,ICBP,RG,8975,3,D,YP,ZP,F
14:42:34,ICBP,RG,8975,14,D,YP,BK,F
14:42:34,ICBP,RG,8975,6,D,YP,YP,D
14:42:34,ICBP,RG,8975,1,D,YP,CS,F
14:42:34,ICBP,RG,8975,93,D,YP,CS,F
14:42:34,ICBP,RG,8975,1,D,YP,KK,D
14:42:34,ICBP,RG,8975,52,D,YP,KK,D
14:42:34,ICBP,RG,8975,1,D,YP,CS,F
14:42:34,ICBP,RG,8975,1,D,YP,PD,D
14:42:34,ICBP,RG,8975,181,D,YP,CS,F
14:42:32,ICBP,RG,8950,8,F,DX,BK,F
14:42:28,ICBP,RG,8975,30,F,DX,CS,F
14:42:28,ICBP,RG,8950,12,F,DX,KK,D
14:42:01,ICBP,RG,8975,10,D,OD,CS,F
14:41:58,ICBP,RG,8975,28,F,DX,CS,F
14:41:28,ICBP,RG,8975,12,F,DX,CS,F
14:41:28,ICBP,RG,8975,18,F,DX,CS,F
14:41:09,ICBP,RG,8975,1,F,CS,CS,F
14:41:08,ICBP,RG,8975,10,D,GR,CS,F
14:41:07,ICBP,RG,8975,2,D,PD,DX,D
14:41:07,ICBP,RG,8975,1,D,PD,AK,F
14:41:07,ICBP,RG,8975,11,D,PD,AK,F
14:41:03,ICBP,RG,8975,18,F,DX,AK,F
14:41:03,ICBP,RG,8975,1,F,DX,AK,F
14:41:03,ICBP,RG,8975,1,F,DX,ZP,F
14:41:03,ICBP,RG,8975,2,F,DX,ZP,F
14:41:03,ICBP,RG,8975,14,F,DX,AK,F
14:40:59,ICBP,RG,8950,8,F,DX,BK,F
14:40:57,ICBP,RG,8950,3,F,DX,PD,D
14:40:57,ICBP,RG,8975,13,F,YU,AK,F
14:40:53,ICBP,RG,8950,82,F,DX,CS,F
14:40:32,ICBP,RG,8975,24,F,DX,AK,F
14:40:23,ICBP,RG,8950,2,F,DX,ZP,F
14:40:21,ICBP,RG,8950,9,F,DX,CS,F
14:40:09,ICBP,RG,8950,8,F,DX,BK,F
14:40:07,ICBP,RG,8975,32,F,DX,AK,F
14:39:37,ICBP,RG,8975,24,F,DX,AK,F
14:39:29,ICBP,RG,8950,4,F,DX,AK,F
14:39:16,ICBP,RG,8950,50,F,DX,CC,D
14:39:03,ICBP,RG,8975,22,F,DX,AK,F
14:38:59,ICBP,RG,8975,17,D,PD,AK,F
14:38:46,ICBP,RG,8950,77,F,DX,OD,D
14:38:40,ICBP,RG,8950,77,F,DX,OD,D
14:38:37,ICBP,RG,8950,77,F,DX,OD,D
14:38:36,ICBP,RG,8950,6,F,DX,BB,F
14:38:26,ICBP,RG,8950,20,F,DX,YP,D
14:38:18,ICBP,RG,8975,5,D,CC,AK,F
14:38:12,ICBP,RG,8950,78,F,DX,CS,F
14:38:06,ICBP,RG,8975,1,D,PD,AK,F
14:37:55,ICBP,RG,8950,1,F,DX,ZP,F
14:37:53,ICBP,RG,8975,3,D,AI,AK,F
14:37:43,ICBP,RG,8950,2,F,DX,ZP,F
14:37:38,ICBP,RG,8975,1,F,CS,AK,F
14:37:38,ICBP,RG,8975,25,F,AI,AK,F
14:37:38,ICBP,RG,8975,1,F,AI,AK,F
14:37:38,ICBP,RG,8975,30,F,AI,YP,D
14:37:26,ICBP,RG,8950,12,F,DX,YP,D
14:37:26,ICBP,RG,8975,10,D,AI,YP,D
14:37:26,ICBP,RG,8975,5,D,AI,NI,D
14:37:26,ICBP,RG,8975,3,D,AI,PD,D
14:37:26,ICBP,RG,8975,10,D,AI,BK,F
14:37:18,ICBP,RG,8950,8,F,DX,CS,F
14:36:58,ICBP,RG,8975,13,F,YU,BK,F
14:36:37,ICBP,RG,8950,5,F,DX,KK,D
14:36:31,ICBP,RG,8950,5,F,DX,KK,D
14:36:01,ICBP,RG,8950,152,F,DX,OD,D
14:36:00,ICBP,RG,8950,1,F,DX,ZP,F
14:35:51,ICBP,RG,8975,2,D,YB,BK,F
14:35:33,ICBP,RG,8975,5,D,YB,BK,F
14:35:28,ICBP,RG,8950,76,F,DX,CS,F
14:35:22,ICBP,RG,8950,2,F,DX,ZP,F
14:34:31,ICBP,RG,8950,100,F,DX,CC,D
14:34:21,ICBP,RG,8950,2,F,DX,ZP,F
14:34:16,ICBP,RG,8950,9,F,DX,CS,F
14:34:15,ICBP,RG,8950,2,F,DX,ZP,F
14:33:39,ICBP,RG,8975,1,D,CS,BK,F
14:33:30,ICBP,RG,8950,1,F,DX,AK,F
14:33:18,ICBP,RG,8975,11,F,YU,BK,F
14:33:18,ICBP,RG,8975,1,F,YU,DR,D
14:33:18,ICBP,RG,8975,1,F,YU,PD,D
14:33:00,ICBP,RG,8975,3,D,PD,PD,D
14:32:59,ICBP,RG,8950,1,F,DX,PD,D
14:32:46,ICBP,RG,8975,1,D,YP,PD,D
14:32:46,ICBP,RG,8975,2,D,YP,BB,F
14:32:38,ICBP,RG,8950,2,F,DX,YP,D
14:32:16,ICBP,RG,8950,3,F,DX,CC,D
14:32:12,ICBP,RG,8950,84,F,DX,CS,F
14:32:11,ICBP,RG,8975,1,D,CC,BB,F
14:32:09,ICBP,RG,8950,3,F,DX,ZP,F
14:31:46,ICBP,RG,8975,1,D,KK,BB,F
14:31:00,ICBP,RG,8950,13,F,DX,AK,F
14:31:00,ICBP,RG,8950,5,D,YP,AK,F
14:31:00,ICBP,RG,8950,1,F,CS,AK,F
14:31:00,ICBP,RG,8950,73,D,CC,AK,F
14:30:30,ICBP,RG,8950,9,D,CC,CS,F
14:29:53,ICBP,RG,8975,1,D,PD,BB,F
14:29:53,ICBP,RG,8975,9,D,PD,TF,D
14:29:53,ICBP,RG,8975,1,D,PD,PD,D
14:29:53,ICBP,RG,8975,1,D,PD,ZP,F
14:29:53,ICBP,RG,8975,1,D,PD,ZP,F
14:29:53,ICBP,RG,8975,4,D,PD,OD,D
14:29:30,ICBP,RG,8950,2,D,CC,AK,F
14:28:58,ICBP,RG,8950,1,D,CC,ZP,F
14:28:17,ICBP,RG,8950,87,D,CC,CS,F
14:27:36,ICBP,RG,8975,33,D,GR,OD,D
14:27:31,ICBP,RG,8950,8,D,CC,XC,D
14:27:26,ICBP,RG,8975,1,F,CS,OD,D
14:27:23,ICBP,RG,8950,1,D,CC,ZP,F
14:27:14,ICBP,RG,8950,1,D,CC,ZP,F
14:27:14,ICBP,RG,8950,1,D,CC,AK,F
14:26:46,ICBP,RG,8950,49,D,CC,AK,F
14:26:38,ICBP,RG,8950,14,D,CC,BB,F
14:26:34,ICBP,RG,8950,5,D,CC,EP,D
14:26:29,ICBP,RG,8975,7,D,YP,OD,D
14:25:58,ICBP,RG,8950,9,D,CC,CS,F
14:25:40,ICBP,RG,8975,22,D,XC,OD,D
14:25:20,ICBP,RG,8950,1,D,CC,ZP,F
14:25:09,ICBP,RG,8950,30,D,CC,YP,D
14:24:37,ICBP,RG,8950,2,D,CC,CC,D
14:24:33,ICBP,RG,8975,10,D,PD,OD,D
14:24:33,ICBP,RG,8975,7,D,PD,CS,F
14:24:29,ICBP,RG,8950,1,D,CC,AK,F
14:23:18,ICBP,RG,8950,6,D,CC,NI,D
14:23:18,ICBP,RG,8950,1,D,YP,NI,D
14:23:18,ICBP,RG,8950,2,D,NI,NI,D
14:23:18,ICBP,RG,8950,12,F,DX,NI,D
14:23:06,ICBP,RG,8950,85,F,DX,CS,F
14:22:32,ICBP,RG,8950,1,F,DX,ZP,F
14:22:19,ICBP,RG,8950,1,F,DX,ZP,F
14:21:36,ICBP,RG,8950,7,F,DX,BK,F
14:21:31,ICBP,RG,8950,59,F,DX,YP,D
14:21:20,ICBP,RG,8950,42,F,DX,DR,D
14:21:20,ICBP,RG,8950,1,D,XC,DR,D
14:21:20,ICBP,RG,8950,1,D,PD,DR,D
14:21:20,ICBP,RG,8950,6,D,EP,DR,D
14:20:59,ICBP,RG,8950,1,D,PD,CS,F
14:20:59,ICBP,RG,8950,8,F,DX,CS,F
14:20:27,ICBP,RG,8950,1,F,DX,ZP,F
14:20:21,ICBP,RG,8950,6,F,DX,CC,D
14:20:08,ICBP,RG,8950,40,F,DX,DR,D
14:19:46,ICBP,RG,8950,16,F,DX,BB,F
14:19:33,ICBP,RG,8950,1,F,DX,ZP,F
14:19:32,ICBP,RG,8950,1,F,DX,ZP,F
14:18:45,ICBP,RG,8950,19,F,DX,AK,F
14:18:45,ICBP,RG,8950,5,D,EP,AK,F
14:18:45,ICBP,RG,8950,1,D,YP,AK,F
14:18:45,ICBP,RG,8950,1,D,PD,AK,F
14:18:45,ICBP,RG,8950,1,D,XC,AK,F
14:18:45,ICBP,RG,8950,5,D,YP,AK,F
14:18:45,ICBP,RG,8950,3,D,OD,AK,F
14:18:30,ICBP,RG,8950,1,D,OD,AK,F
14:17:52,ICBP,RG,8950,1,D,OD,PD,D
14:17:50,ICBP,RG,8975,1,D,CS,CS,F
14:17:46,ICBP,RG,8950,45,D,OD,CS,F
14:17:46,ICBP,RG,8950,1,D,PD,CS,F
14:17:46,ICBP,RG,8950,1,D,XC,CS,F
14:17:46,ICBP,RG,8950,2,D,LS,CS,F
14:17:46,ICBP,RG,8950,7,F,YU,CS,F
14:17:46,ICBP,RG,8950,1,F,CS,CS,F
14:17:46,ICBP,RG,8950,31,D,CC,CS,F
14:17:36,ICBP,RG,8950,19,D,CC,PD,D
14:17:36,ICBP,RG,8950,9,F,DX,PD,D
14:17:33,ICBP,RG,8950,1,F,DX,YP,D
14:17:30,ICBP,RG,8950,1,F,DX,ZP,F
14:16:56,ICBP,RG,8950,2,F,DX,CC,D
14:14:59,ICBP,RG,8950,1,F,DX,AK,F
14:14:15,ICBP,RG,8950,1,F,DX,AK,F
14:14:15,ICBP,RG,8950,1,D,PD,AK,F
14:14:15,ICBP,RG,8950,3,D,XC,AK,F
14:14:15,ICBP,RG,8950,29,F,AK,AK,F
14:14:11,ICBP,RG,8950,25,F,AK,YP,D
14:13:51,ICBP,RG,8975,8,D,PD,CS,F
14:13:51,ICBP,RG,8975,1,D,PD,CS,F
14:13:51,ICBP,RG,8975,5,D,PD,CS,F
14:13:51,ICBP,RG,8975,4,D,PD,CS,F
14:13:21,ICBP,RG,8975,1,F,CS,CS,F
14:12:53,ICBP,RG,8950,1,F,AK,NI,D
14:11:59,ICBP,RG,8950,1,F,AK,AK,F
14:11:47,ICBP,RG,8950,2,F,AK,NI,D
14:10:54,ICBP,RG,8950,16,F,AK,BB,F
14:10:06,ICBP,RG,8975,1,D,YP,CS,F
14:09:39,ICBP,RG,8975,10,D,MG,CS,F
14:09:39,ICBP,RG,8975,19,D,MG,CS,F
14:09:39,ICBP,RG,8975,5,D,MG,CS,F
14:09:39,ICBP,RG,8975,6,D,MG,CS,F
14:08:44,ICBP,RG,8950,1,F,AK,AK,F
14:08:17,ICBP,RG,8975,2,F,AK,CS,F
14:08:17,ICBP,RG,8975,14,F,AK,CS,F
14:08:17,ICBP,RG,8975,5,F,AK,CS,F
14:08:17,ICBP,RG,8975,4,F,AK,CS,F
14:08:17,ICBP,RG,8975,1,F,AK,ZP,F
14:08:17,ICBP,RG,8975,77,F,AK,OD,D
14:08:17,ICBP,RG,8975,3,F,AK,ZP,F
14:08:17,ICBP,RG,8975,82,F,AK,CS,F
14:07:49,ICBP,RG,8950,1,F,AK,XC,D
14:07:45,ICBP,RG,8950,58,F,AK,AK,F
14:07:44,ICBP,RG,8950,6,F,AK,CS,F
14:06:58,ICBP,RG,8950,1,F,AK,ZP,F
14:06:54,ICBP,RG,8950,21,F,AK,CS,F
14:06:54,ICBP,RG,8950,20,D,NI,CS,F
14:06:54,ICBP,RG,8950,5,F,DX,CS,F
14:06:52,ICBP,RG,8975,17,D,PD,CS,F
14:06:14,ICBP,RG,8950,1,F,DX,AK,F
14:05:52,ICBP,RG,8975,34,D,PD,CS,F
14:05:21,ICBP,RG,8950,1,F,DX,EP,D
14:04:57,ICBP,RG,8975,17,D,PD,CS,F
14:03:53,ICBP,RG,8950,4,F,DX,CS,F
14:03:52,ICBP,RG,8950,56,F,DX,OD,D
14:03:52,ICBP,RG,8950,21,F,DX,OD,D
14:03:51,ICBP,RG,8950,42,F,DX,CS,F
14:02:45,ICBP,RG,8950,24,F,DX,AK,F
14:02:40,ICBP,RG,8950,1,F,DX,ZP,F
14:02:29,ICBP,RG,8950,2,F,DX,ZP,F
14:01:26,ICBP,RG,8950,4,F,DX,CS,F
14:01:08,ICBP,RG,8950,42,F,DX,CS,F
14:01:00,ICBP,RG,8950,1,F,DX,AK,F
14:00:39,ICBP,RG,8975,1,D,PD,CS,F
14:00:39,ICBP,RG,8950,16,F,DX,BB,F
14:00:29,ICBP,RG,8950,1,F,DX,CC,D
14:00:15,ICBP,RG,8950,26,F,DX,AK,F
14:00:11,ICBP,RG,8950,1,F,DX,CC,D
13:59:59,ICBP,RG,8950,1,F,DX,EP,D
13:59:44,ICBP,RG,8950,1,F,DX,ZP,F
13:59:26,ICBP,RG,8950,21,F,DX,CC,D
13:58:23,ICBP,RG,8950,8,F,DX,BK,F
13:58:23,ICBP,RG,8950,1,F,DX,CS,F
13:58:23,ICBP,RG,8950,4,F,DX,CS,F
13:58:22,ICBP,RG,8950,8,F,DX,CS,F
13:58:22,ICBP,RG,8950,35,F,DX,CS,F
13:58:00,ICBP,RG,8950,1,F,DX,AK,F
13:57:46,ICBP,RG,8950,1,F,DX,ZP,F
13:56:39,ICBP,RG,8950,1,F,DX,YP,D
13:56:16,ICBP,RG,8950,3,F,DX,XC,D
13:55:46,ICBP,RG,8950,8,F,DX,CP,D
13:55:40,ICBP,RG,8950,31,F,DX,OD,D
13:55:40,ICBP,RG,8950,2,D,XC,OD,D
13:55:40,ICBP,RG,8950,44,F,DX,OD,D
13:55:39,ICBP,RG,8950,8,F,DX,BK,F
13:55:36,ICBP,RG,8950,12,F,DX,BK,F
13:55:32,ICBP,RG,8950,14,F,DX,ZP,D
13:55:32,ICBP,RG,8950,5,D,XC,ZP,D
13:55:32,ICBP,RG,8950,1,D,SQ,ZP,D
13:55:32,ICBP,RG,8950,65,F,DX,ZP,D
13:55:32,ICBP,RG,8950,1,D,CS,ZP,D
13:55:32,ICBP,RG,8950,1,D,XC,ZP,D
13:55:32,ICBP,RG,8950,1,D,PD,ZP,D
13:55:32,ICBP,RG,8950,1,D,XC,ZP,D
13:55:32,ICBP,RG,8950,25,D,YP,ZP,D
13:55:32,ICBP,RG,8950,68,F,DX,ZP,D
13:55:32,ICBP,RG,8950,5,D,AO,ZP,D
13:55:32,ICBP,RG,8950,43,F,YU,ZP,D
13:55:31,ICBP,RG,8950,3,F,YU,CS,F
13:55:31,ICBP,RG,8950,1,D,YP,CS,F
13:55:31,ICBP,RG,8950,1,D,XC,CS,F
13:55:31,ICBP,RG,8950,1,D,YP,CS,F
13:55:29,ICBP,RG,8950,9,D,YP,CS,F
13:55:29,ICBP,RG,8950,1,F,CS,CS,F
13:55:29,ICBP,RG,8950,1,D,XA,CS,F
13:55:29,ICBP,RG,8950,1,D,PD,CS,F
13:55:29,ICBP,RG,8950,1,D,PD,CS,F
13:55:29,ICBP,RG,8950,1,D,YP,CS,F
13:55:29,ICBP,RG,8950,1,D,XC,CS,F
13:55:29,ICBP,RG,8950,43,F,DX,CS,F
13:55:23,ICBP,RG,8950,1,F,DX,ZP,F
13:55:20,ICBP,RG,8950,9,F,DX,BK,F
13:55:19,ICBP,RG,8950,13,F,DX,YP,D
13:55:04,ICBP,RG,8950,5,F,DX,NI,D
13:55:04,ICBP,RG,8950,2,F,DX,PD,D
13:54:22,ICBP,RG,8950,1,F,DX,ZP,F
13:54:13,ICBP,RG,8950,3,F,DX,PD,D
13:54:00,ICBP,RG,8950,3,F,DX,AK,F
13:54:00,ICBP,RG,8950,45,D,YP,AK,F
13:53:59,ICBP,RG,8950,1,D,YP,AK,F
13:52:33,ICBP,RG,8950,5,D,YP,PD,D
13:52:33,ICBP,RG,8950,10,F,AK,PD,D
13:52:15,ICBP,RG,8950,20,F,AK,EP,D
13:52:13,ICBP,RG,8950,1,F,AK,PD,D
13:51:56,ICBP,RG,8950,8,F,AK,BK,F
13:51:52,ICBP,RG,8950,15,F,AK,BK,F
13:51:46,ICBP,RG,8950,1,F,AK,ZP,F
13:51:46,ICBP,RG,8950,1,F,AK,ZP,F
13:51:46,ICBP,RG,8950,80,F,AK,CS,F
13:51:46,ICBP,RG,8950,1,D,YP,CS,F
13:51:46,ICBP,RG,8950,2,D,YP,CS,F
13:51:46,ICBP,RG,8950,1,D,YP,CS,F
13:51:46,ICBP,RG,8950,66,F,DX,CS,F
13:51:46,ICBP,RG,8950,2,D,YP,CS,F
13:51:46,ICBP,RG,8950,1,D,YP,CS,F
13:51:46,ICBP,RG,8950,2,D,XC,CS,F
13:51:46,ICBP,RG,8950,5,D,SQ,CS,F
13:51:46,ICBP,RG,8950,10,D,XC,CS,F
13:51:46,ICBP,RG,8950,5,D,CC,CS,F
13:51:46,ICBP,RG,8950,10,D,CC,CS,F
13:51:46,ICBP,RG,8950,1,D,PD,CS,F
13:51:46,ICBP,RG,8950,5,D,PD,CS,F
13:51:46,ICBP,RG,8950,30,D,CC,CS,F
13:51:46,ICBP,RG,8950,10,D,SQ,CS,F
13:51:46,ICBP,RG,8950,69,F,DX,CS,F
13:51:44,ICBP,RG,8950,8,F,DX,BK,F
13:51:43,ICBP,RG,8950,9,F,DX,CS,F
13:51:43,ICBP,RG,8950,1,D,KK,CS,F
13:51:43,ICBP,RG,8950,2,D,PD,CS,F
13:51:43,ICBP,RG,8950,10,D,ZP,CS,F
13:51:43,ICBP,RG,8950,1,D,CP,CS,F
13:51:43,ICBP,RG,8950,1,D,YB,CS,F
13:51:43,ICBP,RG,8950,1,D,YP,CS,F
13:51:43,ICBP,RG,8950,9,F,YU,CS,F
13:51:42,ICBP,RG,8950,20,F,YU,CC,D
13:51:36,ICBP,RG,8950,1,F,YU,CC,D
13:50:45,ICBP,RG,8950,2,F,YU,OD,D
13:50:45,ICBP,RG,8950,1,F,CS,OD,D
13:50:45,ICBP,RG,8950,1,D,DH,OD,D
13:50:45,ICBP,RG,8950,1,D,XL,OD,D
13:50:45,ICBP,RG,8950,2,D,PS,OD,D
13:50:45,ICBP,RG,8950,2,D,YP,OD,D
13:50:45,ICBP,RG,8950,68,F,DX,OD,D
13:50:25,ICBP,RG,8950,10,F,DX,BK,F
13:50:25,ICBP,RG,8950,10,F,DX,BB,F
13:50:24,ICBP,RG,8950,77,F,DX,OD,D
13:50:21,ICBP,RG,8950,8,F,DX,BK,F
13:50:20,ICBP,RG,8950,77,F,DX,OD,D
13:50:16,ICBP,RG,8950,77,F,DX,OD,D
13:50:11,ICBP,RG,8975,1,D,YP,CS,F
13:50:05,ICBP,RG,8950,9,F,DX,BK,F
13:50:02,ICBP,RG,8950,9,F,DX,CS,F
13:50:02,ICBP,RG,8950,78,F,DX,CS,F
13:49:14,ICBP,RG,8975,10,D,YP,CS,F
13:49:07,ICBP,RG,8950,5,F,DX,XA,D
13:48:53,ICBP,RG,8975,1,D,NI,CS,F
13:48:38,ICBP,RG,8950,9,F,DX,BK,F
13:48:36,ICBP,RG,8950,150,F,DX,PD,D
13:48:00,ICBP,RG,8950,1,F,DX,AK,F
13:47:19,ICBP,RG,8950,8,F,DX,BK,F
13:47:15,ICBP,RG,8950,30,F,DX,AK,F
13:47:07,ICBP,RG,8975,2,F,CS,CS,F
13:46:33,ICBP,RG,8975,75,D,YP,CS,F
13:46:30,ICBP,RG,8950,1,F,DX,AK,F
13:46:03,ICBP,RG,8950,8,F,DX,BK,F
13:46:00,ICBP,RG,8950,31,F,DX,AK,F
13:44:48,ICBP,RG,8975,1,D,XC,CS,F
13:43:32,ICBP,RG,8950,15,F,DX,CS,F
13:43:31,ICBP,RG,8950,9,F,DX,BK,F
13:43:27,ICBP,RG,8950,143,F,DX,CS,F
13:43:00,ICBP,RG,8950,7,F,DX,GR,D
13:42:41,ICBP,RG,8950,7,F,DX,YP,D
13:41:57,ICBP,RG,8950,70,F,DX,NI,D
13:41:18,ICBP,RG,8975,1,D,CS,CS,F
13:41:03,ICBP,RG,8975,90,D,BB,CS,F
13:36:45,ICBP,RG,8975,10,D,BB,CS,F
13:36:34,ICBP,RG,8975,20,D,PD,CS,F
13:36:33,ICBP,RG,8975,1,D,BB,CS,F
13:35:51,ICBP,RG,8975,67,D,BB,CS,F
13:35:50,ICBP,RG,8975,3,D,BB,CS,F
13:35:49,ICBP,RG,8950,83,F,DX,CS,F
13:35:49,ICBP,RG,8950,1,D,XC,CS,F
13:35:49,ICBP,RG,8950,5,D,PD,CS,F
13:35:49,ICBP,RG,8950,49,F,DX,CS,F
13:35:44,ICBP,RG,8975,2,D,BB,CS,F
13:35:43,ICBP,RG,8975,6,D,BB,CS,F
13:35:42,ICBP,RG,8975,8,D,XC,CS,F
13:35:42,ICBP,RG,8975,2,D,BB,CS,F
13:35:41,ICBP,RG,8950,15,F,DX,CS,F
13:35:37,ICBP,RG,8975,5,D,YP,CS,F
13:35:19,ICBP,RG,8975,1,D,BB,CS,F
13:35:19,ICBP,RG,8975,1,D,BB,CS,F
13:35:18,ICBP,RG,8975,1,D,PD,CS,F
13:35:14,ICBP,RG,8975,2,D,BB,CS,F
13:35:13,ICBP,RG,8975,2,D,BB,CS,F
13:35:11,ICBP,RG,8950,7,F,DX,CC,D
13:35:06,ICBP,RG,8950,3,F,DX,CC,D
13:34:18,ICBP,RG,8975,1,D,CC,CS,F
13:31:35,ICBP,RG,8975,1,D,BB,CS,F
13:31:22,ICBP,RG,8950,1,F,DX,PD,D
13:31:16,ICBP,RG,8950,1,F,DX,PD,D
13:30:23,ICBP,RG,8975,158,D,BB,CS,F
13:30:14,ICBP,RG,8950,1,F,DX,CC,D
13:30:14,ICBP,RG,8950,3,F,DX,AK,F
13:30:12,ICBP,RG,8975,190,F,DX,CS,F
13:30:12,ICBP,RG,8975,68,F,DX,CS,F
13:30:09,ICBP,RG,8975,1,D,PD,CS,F
13:30:08,ICBP,RG,8950,2,F,DX,XC,D
13:30:08,ICBP,RG,8950,1,F,DX,XC,D
13:30:07,ICBP,RG,8950,2,F,DX,OD,D
13:30:07,ICBP,RG,8975,2,D,XC,CS,F
13:30:07,ICBP,RG,8950,2,F,DX,PD,D
13:30:06,ICBP,RG,8950,1,F,DX,PD,D
13:30:05,ICBP,RG,8950,1,F,DX,XC,D
13:30:05,ICBP,RG,8950,1,F,DX,XC,D
13:30:05,ICBP,RG,8975,1,D,PD,CS,F
13:30:05,ICBP,RG,8950,9,F,DX,AZ,D
13:30:05,ICBP,RG,8950,1,F,DX,DH,D
13:30:04,ICBP,RG,8950,3,F,DX,CC,D
13:30:04,ICBP,RG,8950,1,F,DX,PD,D
13:30:04,ICBP,RG,8950,2,F,DX,LG,D
13:30:04,ICBP,RG,8950,4,F,DX,EP,D
13:30:03,ICBP,RG,8950,5,F,DX,KK,D
13:30:03,ICBP,RG,8975,10,D,PD,CS,F
13:30:03,ICBP,RG,8975,9,D,GR,CS,F
13:30:03,ICBP,RG,8975,1,D,GR,ZP,F
11:29:45,ICBP,RG,8950,10,F,DX,AK,F
11:29:29,ICBP,RG,8975,1,D,BB,BK,F
11:28:33,ICBP,RG,8975,6,D,BB,BK,F
11:28:33,ICBP,RG,8975,1,D,BB,PD,D
11:28:11,ICBP,RG,8950,2,F,DX,BB,F
11:28:01,ICBP,RG,8950,7,F,DX,BK,F
11:28:01,ICBP,RG,8950,83,F,DX,CS,F
11:28:01,ICBP,RG,8950,1,D,XC,CS,F
11:28:01,ICBP,RG,8950,1,D,CC,CS,F
11:28:01,ICBP,RG,8950,18,F,DX,CS,F
11:28:01,ICBP,RG,8950,1,D,YP,CS,F
11:28:01,ICBP,RG,8950,1,D,AZ,CS,F
11:28:01,ICBP,RG,8950,1,F,CS,CS,F
11:28:01,ICBP,RG,8950,2,D,PD,CS,F
11:28:01,ICBP,RG,8950,8,F,DX,CS,F
11:28:01,ICBP,RG,8950,1,D,XC,CS,F
11:28:01,ICBP,RG,8950,4,D,AZ,CS,F
11:28:01,ICBP,RG,8950,1,D,NI,CS,F
11:27:49,ICBP,RG,8950,1,D,SQ,CS,F
11:27:49,ICBP,RG,8950,2,D,YP,CS,F
11:27:49,ICBP,RG,8950,3,D,PD,CS,F
11:27:49,ICBP,RG,8950,1,D,OD,CS,F
11:27:49,ICBP,RG,8950,1,D,NI,CS,F
11:27:48,ICBP,RG,8950,5,D,PD,CS,F
11:27:45,ICBP,RG,8950,5,D,PD,AK,F
11:27:45,ICBP,RG,8950,7,D,PD,AK,F
11:27:45,ICBP,RG,8950,1,F,CS,AK,F
11:27:45,ICBP,RG,8950,2,D,CC,AK,F
11:27:45,ICBP,RG,8950,1,D,NI,AK,F
11:27:45,ICBP,RG,8950,1,D,XC,AK,F
11:27:45,ICBP,RG,8950,12,F,YU,AK,F
11:26:46,ICBP,RG,8975,2,D,BB,PD,D
11:26:46,ICBP,RG,8975,1,D,BB,ZP,D
11:26:46,ICBP,RG,8975,1,D,BB,PD,D
11:26:46,ICBP,RG,8975,13,D,BB,YP,D
11:25:59,ICBP,RG,8950,2,F,YU,BB,F
11:25:15,ICBP,RG,8950,3,F,YU,PD,D
11:25:15,ICBP,RG,8950,1,F,YU,AK,F
11:24:45,ICBP,RG,8950,8,F,YU,AK,F
11:24:45,ICBP,RG,8950,17,F,DX,AK,F
11:23:02,ICBP,RG,8975,6,D,BB,YP,D
11:22:57,ICBP,RG,8950,1,F,DX,YP,D
11:22:50,ICBP,RG,8950,8,F,DX,BK,F
11:22:50,ICBP,RG,8950,5,D,OD,BK,F
11:22:45,ICBP,RG,8950,15,D,OD,AK,F
11:22:45,ICBP,RG,8950,1,D,PD,AK,F
11:22:45,ICBP,RG,8950,1,D,PD,AK,F
11:22:45,ICBP,RG,8950,2,D,PD,AK,F
11:22:15,ICBP,RG,8950,1,D,XC,AK,F
11:22:12,ICBP,RG,8975,1,D,CS,YP,D
11:21:30,ICBP,RG,8950,12,D,YP,AK,F
11:21:30,ICBP,RG,8950,2,D,PD,AK,F
11:21:30,ICBP,RG,8950,5,D,DH,AK,F
11:20:43,ICBP,RG,8950,5,D,DH,AK,F
11:20:43,ICBP,RG,8950,11,D,YP,AK,F
11:20:22,ICBP,RG,8950,39,D,YP,CS,F
11:20:22,ICBP,RG,8950,2,D,YB,CS,F
11:20:21,ICBP,RG,8950,5,F,DX,ZP,F
11:20:21,ICBP,RG,8950,5,F,DX,CS,F
11:20:21,ICBP,RG,8950,5,F,DX,CS,F
11:20:21,ICBP,RG,8950,2,F,DX,ZP,F
11:20:21,ICBP,RG,8950,4,F,DX,CS,F
11:20:21,ICBP,RG,8950,10,D,NI,CS,F
11:20:21,ICBP,RG,8950,1,D,CC,CS,F
11:20:21,ICBP,RG,8950,2,D,YB,CS,F
11:20:21,ICBP,RG,8950,1,D,XC,CS,F
11:20:21,ICBP,RG,8950,1,D,PD,CS,F
11:20:21,ICBP,RG,8950,6,D,XC,CS,F
11:20:21,ICBP,RG,8950,4,D,PD,CS,F
11:20:21,ICBP,RG,8950,1,D,OD,CS,F
11:20:21,ICBP,RG,8950,2,D,NI,CS,F
11:20:21,ICBP,RG,8950,5,D,XC,CS,F
11:20:21,ICBP,RG,8950,8,D,XC,CS,F
11:20:21,ICBP,RG,8950,6,D,XC,CS,F
11:20:21,ICBP,RG,8950,1,D,YP,SQ,D
11:20:21,ICBP,RG,8950,1,D,XC,SQ,D
11:20:21,ICBP,RG,8950,1,D,DH,SQ,D
11:20:21,ICBP,RG,8950,35,F,DX,SQ,D
11:20:21,ICBP,RG,8950,28,D,NI,SQ,D
11:20:21,ICBP,RG,8950,3,D,XC,SQ,D
11:20:21,ICBP,RG,8950,51,F,AK,SQ,D
11:20:21,ICBP,RG,8950,10,D,BB,SQ,D
11:20:21,ICBP,RG,8950,10,D,LG,SQ,D
11:20:21,ICBP,RG,8950,10,D,PD,SQ,D
11:20:21,ICBP,RG,8950,1,D,PD,SQ,D
11:20:21,ICBP,RG,8950,1,D,DR,SQ,D
11:20:21,ICBP,RG,8950,1,D,PD,SQ,D
11:20:21,ICBP,RG,8950,10,D,YP,SQ,D
11:20:21,ICBP,RG,8950,1,D,PD,SQ,D
11:20:21,ICBP,RG,8950,2,D,SQ,SQ,D
11:20:21,ICBP,RG,8950,1,D,PD,SQ,D
11:20:21,ICBP,RG,8950,10,D,MK,SQ,D
11:20:21,ICBP,RG,8950,2,D,YP,SQ,D
11:20:21,ICBP,RG,8950,1,D,YP,SQ,D
11:20:21,ICBP,RG,8950,3,D,AT,SQ,D
11:20:21,ICBP,RG,8950,2,D,NI,SQ,D
11:20:21,ICBP,RG,8950,1,D,YP,SQ,D
11:20:21,ICBP,RG,8950,2,D,YP,SQ,D
11:20:21,ICBP,RG,8950,1,D,YP,SQ,D
11:20:21,ICBP,RG,8950,1,D,PD,SQ,D
11:20:21,ICBP,RG,8950,10,D,SQ,SQ,D
11:20:21,ICBP,RG,8950,10,D,AZ,SQ,D
11:20:21,ICBP,RG,8950,2,D,XL,SQ,D
11:20:21,ICBP,RG,8950,2,D,YP,SQ,D
11:20:21,ICBP,RG,8950,5,D,SQ,SQ,D
11:20:21,ICBP,RG,8950,10,D,CC,SQ,D
11:20:21,ICBP,RG,8950,1,D,CC,SQ,D
11:20:21,ICBP,RG,8950,5,D,XC,SQ,D
11:20:21,ICBP,RG,8950,50,D,YP,SQ,D
11:20:21,ICBP,RG,8950,1,D,YP,SQ,D
11:20:21,ICBP,RG,8950,10,D,PD,SQ,D
11:20:21,ICBP,RG,8950,100,D,BS,SQ,D
11:20:21,ICBP,RG,8950,2,D,XC,SQ,D
11:20:21,ICBP,RG,8950,5,D,PD,SQ,D
11:20:21,ICBP,RG,8950,2,D,YP,SQ,D
11:20:21,ICBP,RG,8950,5,D,XC,SQ,D
11:20:21,ICBP,RG,8950,1,D,PD,SQ,D
11:20:21,ICBP,RG,8950,1,D,NI,SQ,D
11:20:21,ICBP,RG,8950,10,D,YP,SQ,D
11:20:21,ICBP,RG,8950,1,D,NI,SQ,D
11:20:21,ICBP,RG,8950,5,D,XC,SQ,D
11:20:21,ICBP,RG,8950,1,D,YP,SQ,D
11:20:21,ICBP,RG,8950,1,D,PD,SQ,D
11:20:21,ICBP,RG,8950,2,D,CC,SQ,D
11:20:21,ICBP,RG,8950,1,D,XC,SQ,D
11:20:21,ICBP,RG,8950,1,D,DR,SQ,D
11:20:21,ICBP,RG,8950,5,D,XC,SQ,D
11:20:21,ICBP,RG,8950,2,D,PD,SQ,D
11:20:21,ICBP,RG,8950,22,D,YP,SQ,D
11:20:21,ICBP,RG,8950,1,D,CC,SQ,D
11:20:21,ICBP,RG,8950,1,D,PD,SQ,D
11:20:21,ICBP,RG,8950,15,D,PD,SQ,D
11:20:21,ICBP,RG,8950,5,D,DH,SQ,D
11:20:21,ICBP,RG,8950,10,D,HP,SQ,D
11:20:21,ICBP,RG,8950,1,D,EP,SQ,D
11:20:21,ICBP,RG,8950,1,D,XL,SQ,D
11:20:21,ICBP,RG,8950,2,D,YP,SQ,D
11:20:21,ICBP,RG,8950,1,D,SQ,SQ,D
11:20:21,ICBP,RG,8950,10,D,YP,SQ,D
11:20:21,ICBP,RG,8950,1,D,PD,SQ,D
11:20:21,ICBP,RG,8950,1,D,SQ,SQ,D
11:20:21,ICBP,RG,8950,1,D,PD,SQ,D
11:20:21,ICBP,RG,8950,3,D,YP,SQ,D
11:20:21,ICBP,RG,8950,3,D,YP,SQ,D
11:20:21,ICBP,RG,8950,20,D,GR,SQ,D
11:20:21,ICBP,RG,8950,1,D,XC,SQ,D
11:20:21,ICBP,RG,8950,1,D,PD,SQ,D
11:20:21,ICBP,RG,8950,1,D,PD,SQ,D
11:20:21,ICBP,RG,8950,1,D,PD,SQ,D
11:20:21,ICBP,RG,8950,3,D,SQ,SQ,D
11:20:21,ICBP,RG,8950,6,D,YP,SQ,D
11:20:21,ICBP,RG,8950,3,D,OD,SQ,D
11:20:21,ICBP,RG,8950,10,D,NI,SQ,D
11:20:21,ICBP,RG,8950,1,D,AZ,SQ,D
11:20:21,ICBP,RG,8950,1,D,PD,SQ,D
11:20:21,ICBP,RG,8950,1,D,DR,SQ,D
11:20:21,ICBP,RG,8950,5,D,DH,SQ,D
11:20:21,ICBP,RG,8950,2,D,YP,SQ,D
11:20:21,ICBP,RG,8950,1,D,YP,SQ,D
11:20:21,ICBP,RG,8950,3,D,YP,SQ,D
11:20:21,ICBP,RG,8950,18,D,KK,SQ,D
11:20:21,ICBP,RG,8950,1,D,CC,SQ,D
11:20:21,ICBP,RG,8950,8,D,YP,SQ,D
11:20:21,ICBP,RG,8950,10,D,YP,SQ,D
11:20:21,ICBP,RG,8950,1,D,CC,SQ,D
11:20:21,ICBP,RG,8950,2,D,PD,SQ,D
11:20:21,ICBP,RG,8950,1,D,YP,SQ,D
11:20:21,ICBP,RG,8950,15,D,SQ,SQ,D
11:20:21,ICBP,RG,8950,24,D,PD,SQ,D
11:20:21,ICBP,RG,8950,50,D,PD,SQ,D
11:20:21,ICBP,RG,8950,2,D,YB,SQ,D
11:20:21,ICBP,RG,8950,2,D,XC,SQ,D
11:20:21,ICBP,RG,8950,10,D,KK,SQ,D
11:20:21,ICBP,RG,8950,1,D,NI,SQ,D
11:20:21,ICBP,RG,8950,11,D,XC,SQ,D
11:20:21,ICBP,RG,8950,10,D,XL,SQ,D
11:20:21,ICBP,RG,8950,4,D,PD,SQ,D
11:20:21,ICBP,RG,8950,10,D,DR,SQ,D
11:20:21,ICBP,RG,8950,20,D,XC,SQ,D
11:20:21,ICBP,RG,8950,1,D,XC,SQ,D
11:20:21,ICBP,RG,8950,5,D,YP,SQ,D
11:20:21,ICBP,RG,8950,5,D,NI,SQ,D
11:20:21,ICBP,RG,8950,210,F,DX,SQ,D
11:20:15,ICBP,RG,8950,1,F,DX,AK,F
11:19:47,ICBP,RG,8950,1,F,DX,AT,D
11:19:05,ICBP,RG,8950,1,F,DX,YP,D
11:17:25,ICBP,RG,8950,66,F,DX,LG,D
11:17:10,ICBP,RG,8950,1,F,DX,XC,D
11:16:30,ICBP,RG,8950,1,F,DX,AK,F
11:16:17,ICBP,RG,8975,5,D,KK,YP,D
11:16:17,ICBP,RG,8975,1,D,KK,XC,D
11:16:17,ICBP,RG,8975,1,D,KK,ZP,F
11:16:17,ICBP,RG,8975,1,D,KK,ZP,F
11:16:17,ICBP,RG,8975,4,D,KK,CS,F
11:15:59,ICBP,RG,8975,2,D,BB,CS,F
11:15:59,ICBP,RG,8975,14,D,BB,CS,F
11:15:12,ICBP,RG,8975,13,D,PD,CS,F
11:15:12,ICBP,RG,8975,3,D,PD,CC,D
11:15:12,ICBP,RG,8975,1,D,PD,CS,F
11:13:48,ICBP,RG,8950,1,F,DX,CC,D
11:13:35,ICBP,RG,8950,5,F,DX,YP,D
11:13:25,ICBP,RG,8975,6,D,XC,CS,F
11:11:38,ICBP,RG,8950,59,F,DX,AK,F
11:11:37,ICBP,RG,8975,1,D,XC,CS,F
11:11:15,ICBP,RG,8950,1,F,DX,AK,F
11:10:36,ICBP,RG,8950,1,F,DX,PC,D
11:09:24,ICBP,RG,8975,6,F,DX,CS,F
11:09:15,ICBP,RG,8975,1,D,XC,CS,F
11:08:56,ICBP,RG,8975,2,D,BB,CS,F
11:08:56,ICBP,RG,8975,1,D,BB,CS,F
11:08:56,ICBP,RG,8975,9,D,BB,BK,F
11:08:56,ICBP,RG,8975,1,D,BB,CS,F
11:08:56,ICBP,RG,8975,1,D,BB,CS,F
11:08:56,ICBP,RG,8975,2,D,BB,OD,D
11:08:51,ICBP,RG,8975,3,D,PD,OD,D
11:08:00,ICBP,RG,8975,2,D,NI,OD,D
11:06:44,ICBP,RG,8975,1,D,CC,OD,D
11:05:57,ICBP,RG,8975,2,D,EP,OD,D
11:05:33,ICBP,RG,8975,1,D,PC,OD,D
11:05:23,ICBP,RG,8975,7,F,DX,OD,D
11:05:20,ICBP,RG,8950,15,F,DX,PD,D
11:05:14,ICBP,RG,8950,1,F,DX,PD,D
11:04:25,ICBP,RG,8950,1,F,DX,AK,F
11:04:24,ICBP,RG,8975,9,F,YU,OD,D
11:03:53,ICBP,RG,8975,12,F,DX,OD,D
11:03:38,ICBP,RG,8975,19,F,DX,OD,D
11:02:42,ICBP,RG,8950,1,F,DX,DR,D
11:01:59,ICBP,RG,8975,15,D,BB,OD,D
11:00:07,ICBP,RG,8975,4,F,DX,OD,D
11:00:07,ICBP,RG,8975,1,F,DX,CS,F
11:00:07,ICBP,RG,8975,1,F,DX,CS,F
10:59:31,ICBP,RG,8950,1,F,DX,PD,D
10:59:18,ICBP,RG,8975,1,D,XC,DH,D
10:57:47,ICBP,RG,8975,1,F,YU,CS,F
10:57:46,ICBP,RG,8975,1,D,PD,CS,F
10:57:25,ICBP,RG,8975,1,F,YU,CS,F
10:57:24,ICBP,RG,8975,1,D,XC,CS,F
10:57:12,ICBP,RG,8975,1,F,CS,CS,F
10:57:12,ICBP,RG,8975,5,F,AK,CS,F
10:57:12,ICBP,RG,8975,5,F,AK,CS,F
10:57:12,ICBP,RG,8975,1,F,AK,CS,F
10:57:12,ICBP,RG,8975,1,F,AK,CS,F
10:57:12,ICBP,RG,8975,1,F,AK,CS,F
10:57:12,ICBP,RG,8975,1,F,AK,CS,F
10:57:12,ICBP,RG,8975,1,F,AK,CS,F
10:57:12,ICBP,RG,8975,5,F,AK,GR,D
10:57:12,ICBP,RG,8975,1,F,AK,CS,F
10:56:39,ICBP,RG,8975,2,F,AK,CS,F
10:56:39,ICBP,RG,8975,2,F,AK,CS,F
10:56:39,ICBP,RG,8975,1,F,AK,CS,F
10:56:39,ICBP,RG,8975,1,F,AK,CS,F
10:56:39,ICBP,RG,8975,77,F,AK,OD,D
10:56:39,ICBP,RG,8975,8,F,AK,BK,F
10:56:36,ICBP,RG,8975,10,F,AK,BB,F
10:56:36,ICBP,RG,8975,1,F,AK,CS,F
10:56:36,ICBP,RG,8975,4,F,AK,CS,F
10:56:36,ICBP,RG,8975,2,F,AK,ZP,F
10:56:36,ICBP,RG,8975,1,F,AK,ZP,F
10:56:36,ICBP,RG,8975,4,F,AK,BK,F
10:56:31,ICBP,RG,8975,21,F,DX,BK,F
10:56:31,ICBP,RG,8975,52,F,DX,DR,D
10:56:25,ICBP,RG,8975,17,F,YU,DR,D
10:56:23,ICBP,RG,8975,59,D,NI,DR,D
10:56:23,ICBP,RG,8975,2,D,NI,ZP,F
10:56:23,ICBP,RG,8975,3,D,NI,CS,F
10:56:23,ICBP,RG,8975,1,D,NI,AK,F
10:56:23,ICBP,RG,8975,18,D,NI,AK,F
10:56:23,ICBP,RG,8975,5,D,NI,CS,F
10:56:23,ICBP,RG,8975,77,D,NI,OD,D
10:56:23,ICBP,RG,8975,26,D,NI,BK,F
10:56:23,ICBP,RG,8975,28,D,NI,BB,F
10:56:23,ICBP,RG,8975,10,D,NI,YB,D
10:56:23,ICBP,RG,8975,54,D,NI,CS,F
10:56:23,ICBP,RG,8975,50,D,NI,NI,D
10:56:23,ICBP,RG,8975,1,D,NI,ZP,F
10:56:23,ICBP,RG,8975,1,D,NI,ZP,F
10:56:23,ICBP,RG,8975,50,D,NI,NI,D
10:56:23,ICBP,RG,8975,2,D,NI,DR,D
10:56:23,ICBP,RG,8975,13,D,NI,OD,D
10:55:18,ICBP,RG,8975,17,D,PD,OD,D
10:54:56,ICBP,RG,8975,16,D,BB,OD,D
10:53:50,ICBP,RG,8950,2,F,DX,HP,D
10:52:53,ICBP,RG,8950,13,F,DX,XC,D
10:52:45,ICBP,RG,8950,1,F,DX,AK,F
10:50:02,ICBP,RG,8950,20,F,DX,GR,D
10:48:51,ICBP,RG,8950,3,F,DX,NI,D
10:48:15,ICBP,RG,8950,1,F,DX,AK,F
10:47:55,ICBP,RG,8975,13,D,BB,OD,D
10:47:13,ICBP,RG,8950,87,F,DX,AK,F
10:47:03,ICBP,RG,8950,3,F,DX,XC,D
10:46:50,ICBP,RG,8975,18,F,DX,OD,D
10:46:50,ICBP,RG,8975,1,F,DX,ZP,F
10:46:50,ICBP,RG,8975,3,F,DX,CS,F
10:46:50,ICBP,RG,8975,1,F,DX,PD,D
10:46:25,ICBP,RG,8975,27,D,YP,BB,F
10:46:25,ICBP,RG,8975,1,D,YP,PD,D
10:46:03,ICBP,RG,8975,1,D,XC,PD,D
10:45:34,ICBP,RG,8975,1,D,AZ,PD,D
10:45:12,ICBP,RG,8975,9,F,YU,PD,D
10:44:34,ICBP,RG,8950,3,F,DX,XC,D
10:44:34,ICBP,RG,8950,1,D,YP,XC,D
10:44:34,ICBP,RG,8950,1,D,YP,XC,D
10:44:34,ICBP,RG,8950,1,D,YP,XC,D
10:44:34,ICBP,RG,8950,1,F,NI,XC,D
10:44:34,ICBP,RG,8950,1,D,YP,XC,D
10:44:31,ICBP,RG,8975,5,D,AZ,PD,D
10:44:00,ICBP,RG,8975,1,D,PD,PD,D
10:42:51,ICBP,RG,8975,17,D,PD,PD,D
10:42:00,ICBP,RG,8950,1,D,YP,AK,F
10:41:58,ICBP,RG,8975,17,D,PD,PD,D
10:41:26,ICBP,RG,8950,1,D,YP,AZ,D
10:40:51,ICBP,RG,8950,4,D,YP,YP,D
10:40:51,ICBP,RG,8950,1,D,CC,YP,D
10:40:51,ICBP,RG,8950,2,D,YJ,YP,D
10:38:44,ICBP,RG,8950,3,D,CC,YP,D
10:38:44,ICBP,RG,8950,2,D,CC,YP,D
10:38:44,ICBP,RG,8950,2,D,PD,YP,D
10:38:44,ICBP,RG,8950,1,D,PD,YP,D
10:38:44,ICBP,RG,8950,15,D,KK,YP,D
10:38:44,ICBP,RG,8950,5,D,PD,YP,D
10:38:44,ICBP,RG,8950,14,D,PD,YP,D
10:38:44,ICBP,RG,8950,8,D,GR,YP,D
10:38:44,ICBP,RG,8950,1,D,PD,YP,D
10:38:44,ICBP,RG,8950,3,D,XA,YP,D
10:38:44,ICBP,RG,8950,4,D,PD,YP,D
10:38:44,ICBP,RG,8950,12,D,XC,YP,D
10:38:44,ICBP,RG,8950,4,D,XC,YP,D
10:37:41,ICBP,RG,8975,30,D,PD,PD,D
10:37:30,ICBP,RG,8975,1,F,CS,PD,D
10:37:29,ICBP,RG,8975,4,F,YU,PD,D
10:37:29,ICBP,RG,8975,12,D,YP,PD,D
10:37:29,ICBP,RG,8975,1,D,PD,PD,D
10:37:29,ICBP,RG,8975,1,D,NI,PD,D
10:37:29,ICBP,RG,8975,4,D,BB,PD,D
10:37:19,ICBP,RG,8975,1,F,YU,ZP,F
10:36:15,ICBP,RG,8975,1,D,YP,AK,F
10:35:19,ICBP,RG,8975,1,D,YP,ZP,F
10:35:16,ICBP,RG,8975,2,D,YP,CS,F
10:35:00,ICBP,RG,8975,1,D,YP,CS,F
10:34:57,ICBP,RG,8975,4,D,YP,CS,F
10:34:34,ICBP,RG,8975,2,D,YP,CS,F
10:34:34,ICBP,RG,8975,3,D,BB,CS,F
10:34:34,ICBP,RG,8975,3,D,BB,YP,D
10:34:34,ICBP,RG,8975,1,F,YU,YP,D
10:34:33,ICBP,RG,8975,1,F,YU,ZP,F
10:34:18,ICBP,RG,8975,1,F,YU,CS,F
10:34:18,ICBP,RG,8975,2,F,YU,BK,F
10:34:18,ICBP,RG,8975,11,F,DX,BK,F
10:34:16,ICBP,RG,8975,11,F,DX,CS,F
10:33:58,ICBP,RG,8975,1,F,DX,CS,F
10:33:23,ICBP,RG,8975,3,F,DX,CS,F
10:33:23,ICBP,RG,8975,2,D,AT,CS,F
10:33:23,ICBP,RG,8975,1,D,GR,CS,F
10:33:23,ICBP,RG,8975,3,D,XC,CS,F
10:33:23,ICBP,RG,8975,1,D,BB,YP,D
10:33:23,ICBP,RG,8975,1,D,CS,YP,D
10:33:23,ICBP,RG,8975,1,F,YU,YP,D
10:33:23,ICBP,RG,8975,3,F,AK,YP,D
10:33:21,ICBP,RG,8975,30,F,AK,PD,D
10:32:25,ICBP,RG,8975,1,F,AK,ZP,F
10:32:23,ICBP,RG,8975,1,F,AK,SQ,D
10:31:50,ICBP,RG,8975,2,F,AK,YP,D
10:31:16,ICBP,RG,8975,1,F,AK,CS,F
10:31:15,ICBP,RG,8975,1,F,AK,CC,D
10:30:45,ICBP,RG,8975,1,F,AK,AK,F
10:30:45,ICBP,RG,8975,5,F,AK,XC,D
10:30:40,ICBP,RG,8975,1,F,AK,CS,F
10:30:39,ICBP,RG,8975,9,F,AK,CS,F
10:30:39,ICBP,RG,8975,9,F,AK,CS,F
10:30:28,ICBP,RG,8975,5,F,AK,XC,D
10:30:09,ICBP,RG,8975,10,F,AK,PC,D
10:29:44,ICBP,RG,8975,2,F,AK,GR,D
10:28:46,ICBP,RG,8975,1,F,AK,ZP,F
10:28:46,ICBP,RG,8975,1,F,AK,ZP,F
10:28:46,ICBP,RG,8975,1,D,GR,CS,F
10:27:47,ICBP,RG,8975,1,F,YU,CS,F
10:27:47,ICBP,RG,8975,1,D,PD,CS,F
10:27:39,ICBP,RG,8975,1,F,YU,CS,F
10:27:34,ICBP,RG,8975,1,D,XL,CS,F
10:27:34,ICBP,RG,8975,2,D,XL,CS,F
10:27:23,ICBP,RG,8975,3,D,XL,CS,F
10:27:16,ICBP,RG,8975,7,D,XL,YP,D
10:27:13,ICBP,RG,8975,1,D,XL,CS,F
10:27:12,ICBP,RG,8975,1,D,XL,CS,F
10:27:12,ICBP,RG,8975,4,D,BB,CS,F
10:27:12,ICBP,RG,8975,1,F,YU,CS,F
10:26:41,ICBP,RG,8975,5,D,LG,CS,F
10:26:21,ICBP,RG,8975,1,D,BB,CS,F
10:26:21,ICBP,RG,8975,1,F,YU,CS,F
10:26:12,ICBP,RG,8975,1,F,YU,CS,F
10:26:11,ICBP,RG,8975,1,D,XC,CS,F
10:26:11,ICBP,RG,8975,1,F,CS,CS,F
10:26:02,ICBP,RG,8975,2,D,BB,CS,F
10:25:53,ICBP,RG,8975,5,D,BB,CC,D
10:25:52,ICBP,RG,8975,1,D,BB,CS,F
10:25:51,ICBP,RG,8975,2,D,BB,CS,F
10:25:51,ICBP,RG,8975,1,F,YU,CS,F
10:25:51,ICBP,RG,8975,1,F,DX,CS,F
10:25:45,ICBP,RG,8975,1,F,DX,AK,F
10:25:31,ICBP,RG,8975,7,F,DX,CS,F
10:25:10,ICBP,RG,8975,1,F,DX,CS,F
10:25:03,ICBP,RG,8975,1,F,DX,XC,D
10:25:01,ICBP,RG,8975,10,F,DX,CS,F
10:24:08,ICBP,RG,8975,12,F,DX,CS,F
10:24:02,ICBP,RG,8975,2,F,DX,CS,F
10:23:53,ICBP,RG,8975,1,F,DX,BB,F
10:23:53,ICBP,RG,8975,1,D,XC,BB,F
10:23:53,ICBP,RG,8975,5,D,BB,BB,F
10:23:53,ICBP,RG,8975,13,F,YU,BB,F
10:23:53,ICBP,RG,8975,4,D,CC,BB,F
10:23:53,ICBP,RG,8975,1,D,CC,ZP,F
10:23:13,ICBP,RG,8975,1,D,PD,CS,F
10:23:13,ICBP,RG,8975,1,D,PD,CS,F
10:23:13,ICBP,RG,8975,2,D,YP,CS,F
10:23:13,ICBP,RG,8975,2,D,YP,CS,F
10:23:13,ICBP,RG,8975,1,D,PD,CS,F
10:23:13,ICBP,RG,8975,1,D,BB,CS,F
10:23:13,ICBP,RG,8975,5,D,CC,CS,F
10:23:13,ICBP,RG,8975,1,D,XC,CS,F
10:23:13,ICBP,RG,8975,5,D,CC,CS,F
10:23:13,ICBP,RG,8975,16,F,DX,CS,F
10:23:13,ICBP,RG,8975,3,F,DX,CS,F
10:23:13,ICBP,RG,8975,6,F,DX,AK,F
10:23:13,ICBP,RG,8975,2,D,CC,AK,F
10:23:13,ICBP,RG,8975,1,D,PD,AK,F
10:23:13,ICBP,RG,8975,3,D,XC,AK,F
10:23:13,ICBP,RG,8975,10,D,XC,AK,F
10:23:13,ICBP,RG,8975,8,F,YU,AK,F
10:23:13,ICBP,RG,8975,2,D,DH,AK,F
10:23:13,ICBP,RG,8975,1,D,CC,AK,F
10:23:13,ICBP,RG,8975,10,D,CC,AK,F
10:23:13,ICBP,RG,8975,1,F,CS,AK,F
10:23:13,ICBP,RG,8975,51,F,AK,AK,F
10:23:13,ICBP,RG,8975,1,D,XC,AK,F
10:23:13,ICBP,RG,8975,26,D,PD,AK,F
10:23:00,ICBP,RG,8975,1,D,PD,XC,D
10:22:38,ICBP,RG,8975,1,D,PD,PD,D
10:22:26,ICBP,RG,9000,17,D,PD,DR,D
10:22:06,ICBP,RG,8975,1,D,PD,YP,D
10:22:04,ICBP,RG,8975,1,D,PD,ZP,F
10:21:19,ICBP,RG,8975,5,D,PD,XC,D
10:20:30,ICBP,RG,8975,1,D,PD,AK,F
10:20:00,ICBP,RG,9000,10,D,PD,DR,D
10:19:45,ICBP,RG,8975,2,D,PD,XC,D
10:18:51,ICBP,RG,8975,2,D,PD,PD,D
10:18:26,ICBP,RG,8975,14,D,PD,YP,D
10:17:48,ICBP,RG,8975,2,D,PD,DR,D
10:17:14,ICBP,RG,8975,1,D,PD,ZP,F
10:17:12,ICBP,RG,8975,2,D,PD,CC,D
10:17:06,ICBP,RG,8975,1,D,PD,ZP,F
10:15:24,ICBP,RG,8975,1,D,PD,ZP,F
10:14:10,ICBP,RG,8975,5,D,PD,CC,D
10:14:08,ICBP,RG,8975,2,D,PD,CC,D
10:13:55,ICBP,RG,8975,2,D,PD,NI,D
10:13:30,ICBP,RG,8975,1,D,PD,AK,F
10:13:20,ICBP,RG,8975,3,D,PD,CS,F
10:13:20,ICBP,RG,8975,3,D,PD,CS,F
10:13:19,ICBP,RG,8975,2,D,PD,YP,D
10:13:18,ICBP,RG,8975,16,D,PD,CS,F
10:13:18,ICBP,RG,8975,15,D,PD,CS,F
10:13:18,ICBP,RG,8975,1,F,YU,CS,F
10:13:18,ICBP,RG,8975,2,D,PD,CS,F
10:13:18,ICBP,RG,8975,4,F,DX,CS,F
10:13:18,ICBP,RG,8975,11,F,DX,CS,F
10:13:12,ICBP,RG,8975,1,F,DX,YP,D
10:12:35,ICBP,RG,8975,1,F,DX,ZP,F
10:12:21,ICBP,RG,8975,1,F,DX,ZP,F
10:11:52,ICBP,RG,8975,2,F,DX,CC,D
10:11:22,ICBP,RG,9000,1,D,CC,DR,D
10:11:19,ICBP,RG,9000,2,D,GR,DR,D
10:10:35,ICBP,RG,9000,1,D,XC,DR,D
10:09:42,ICBP,RG,9000,35,D,KK,DR,D
10:09:02,ICBP,RG,8975,1,F,DX,CS,F
10:08:53,ICBP,RG,8975,10,F,DX,CS,F
10:08:07,ICBP,RG,8975,1,F,DX,ZP,F
10:08:00,ICBP,RG,8975,2,F,DX,CS,F
10:08:00,ICBP,RG,8975,3,D,BB,CS,F
10:08:00,ICBP,RG,8975,1,F,YU,CS,F
10:08:00,ICBP,RG,8975,1,D,XC,CS,F
10:08:00,ICBP,RG,8975,1,D,NI,CS,F
10:08:00,ICBP,RG,8975,11,F,DX,CS,F
10:07:45,ICBP,RG,8975,1,F,DX,AK,F
10:06:38,ICBP,RG,8975,1,F,DX,CS,F
10:06:37,ICBP,RG,8975,9,F,DX,CS,F
10:06:26,ICBP,RG,8975,5,F,DX,GR,D
10:06:26,ICBP,RG,8975,1,D,XL,GR,D
10:06:26,ICBP,RG,8975,8,D,BB,GR,D
10:06:26,ICBP,RG,8975,13,F,YU,GR,D
10:06:26,ICBP,RG,8975,3,D,XL,GR,D
10:05:59,ICBP,RG,8975,1,D,XL,CS,F
10:05:54,ICBP,RG,8975,6,D,XL,CS,F
10:05:54,ICBP,RG,8975,10,D,DR,CS,F
10:05:54,ICBP,RG,8975,1,F,AK,CS,F
10:05:53,ICBP,RG,8975,118,F,AK,LG,D
10:05:53,ICBP,RG,8975,1,D,YP,LG,D
10:05:53,ICBP,RG,8975,1,D,BB,LG,D
10:05:53,ICBP,RG,8975,1,D,NI,LG,D
10:05:53,ICBP,RG,8975,13,F,DX,LG,D
10:05:53,ICBP,RG,8975,1,D,CS,LG,D
10:05:53,ICBP,RG,8975,1,F,CS,LG,D
10:05:53,ICBP,RG,8975,2,D,AT,LG,D
10:05:53,ICBP,RG,8975,15,F,DX,LG,D
10:05:53,ICBP,RG,8975,2,D,PD,LG,D
10:05:53,ICBP,RG,8975,22,F,DX,LG,D
10:05:53,ICBP,RG,8975,5,F,YU,LG,D
10:04:45,ICBP,RG,8975,1,F,YU,ZP,F
10:04:41,ICBP,RG,8975,3,F,YU,XA,D
10:03:24,ICBP,RG,9000,17,D,PD,DR,D
10:02:57,ICBP,RG,9000,5,D,PD,DR,D
10:02:25,ICBP,RG,8975,1,D,NI,ZP,F
10:01:21,ICBP,RG,8975,2,D,NI,CS,F
10:01:04,ICBP,RG,8975,7,F,DX,CS,F
10:01:04,ICBP,RG,8975,5,F,DX,CS,F
10:01:04,ICBP,RG,8975,15,F,DX,CS,F
10:01:03,ICBP,RG,8975,1,F,DX,CS,F
10:00:30,ICBP,RG,8975,1,F,DX,AK,F
10:00:30,ICBP,RG,8975,2,F,DX,EP,D
10:00:28,ICBP,RG,8975,1,F,DX,ZP,F
9:59:31,ICBP,RG,8975,3,D,PD,CS,F
9:59:31,ICBP,RG,8975,2,D,CP,CS,F
9:59:31,ICBP,RG,8975,3,D,BB,CS,F
9:59:31,ICBP,RG,8975,8,D,BB,CS,F
9:59:31,ICBP,RG,8975,9,D,BB,CS,F
9:59:29,ICBP,RG,8975,10,D,BB,PD,D
9:58:58,ICBP,RG,8975,5,D,BB,CS,F
9:58:32,ICBP,RG,8975,2,D,BB,PD,D
9:58:10,ICBP,RG,9000,2,D,XL,DR,D
9:57:47,ICBP,RG,8975,10,D,BB,CS,F
9:57:46,ICBP,RG,8975,17,D,BB,CS,F
9:57:46,ICBP,RG,8975,1,D,NI,CS,F
9:57:46,ICBP,RG,8975,1,D,XC,CS,F
9:57:12,ICBP,RG,8975,1,D,XC,ZP,F
9:56:44,ICBP,RG,8975,1,D,YP,PD,D
9:56:44,ICBP,RG,8975,1,D,PD,PD,D
9:56:25,ICBP,RG,9000,1,D,MG,DR,D
9:56:00,ICBP,RG,8975,1,D,PD,ZP,D
9:54:22,ICBP,RG,9000,2,D,XC,DR,D
9:54:02,ICBP,RG,8975,1,D,PD,ZP,F
9:54:02,ICBP,RG,8975,1,D,PD,ZP,F
9:54:01,ICBP,RG,8975,2,D,PD,AK,F
9:54:01,ICBP,RG,8975,1,F,CS,AK,F
9:54:01,ICBP,RG,8975,10,D,XC,AK,F
9:54:01,ICBP,RG,8975,1,D,PD,AK,F
9:54:01,ICBP,RG,8975,6,D,XC,AK,F
9:54:01,ICBP,RG,8975,1,D,PD,AK,F
9:54:01,ICBP,RG,8975,40,F,AK,AK,F
9:54:01,ICBP,RG,8975,15,F,YU,AK,F
9:54:01,ICBP,RG,8975,9,D,PD,AK,F
9:54:01,ICBP,RG,8975,17,F,DX,AK,F
9:54:00,ICBP,RG,8975,13,F,DX,AK,F
9:54:00,ICBP,RG,8975,10,D,KK,AK,F
9:54:00,ICBP,RG,8975,86,F,DX,AK,F
9:53:45,ICBP,RG,8975,1,F,DX,AK,F
9:51:42,ICBP,RG,9000,2,D,NI,DR,D
9:50:30,ICBP,RG,8975,19,F,DX,AK,F
9:50:11,ICBP,RG,8975,25,F,DX,YP,D
9:50:11,ICBP,RG,8975,5,D,XC,YP,D
9:49:32,ICBP,RG,8975,1,D,XC,PD,D
9:49:22,ICBP,RG,9000,1,D,YP,DR,D
9:49:13,ICBP,RG,8975,1,D,XC,PD,D
9:49:11,ICBP,RG,8975,8,D,XC,YP,D
9:49:11,ICBP,RG,8975,11,D,NI,YP,D
9:49:11,ICBP,RG,8975,11,D,BB,YP,D
9:49:06,ICBP,RG,8975,20,D,BB,GR,D
9:49:01,ICBP,RG,8975,1,D,BB,ZP,F
9:48:30,ICBP,RG,8975,1,D,BB,AK,F
9:46:46,ICBP,RG,8975,1,D,BB,ZP,F
9:46:46,ICBP,RG,8975,1,D,BB,ZP,F
9:43:44,ICBP,RG,8975,11,D,BB,CC,D
9:43:34,ICBP,RG,8975,8,D,BB,PD,D
9:43:34,ICBP,RG,8975,57,F,DX,PD,D
9:43:17,ICBP,RG,8975,15,F,DX,KK,D
9:43:07,ICBP,RG,8975,6,F,DX,KK,D
9:43:07,ICBP,RG,8975,1,F,CS,KK,D
9:43:07,ICBP,RG,8975,1,D,PD,KK,D
9:43:07,ICBP,RG,8975,1,D,CC,KK,D
9:43:07,ICBP,RG,8975,3,D,NI,KK,D
9:43:07,ICBP,RG,8975,8,D,YU,KK,D
9:42:42,ICBP,RG,8975,2,D,YU,NI,D
9:42:42,ICBP,RG,8975,1,D,XL,NI,D
9:42:38,ICBP,RG,8975,1,F,YU,NI,D
9:42:25,ICBP,RG,8975,25,F,YU,PD,D
9:41:34,ICBP,RG,8975,3,F,YU,PD,D
9:41:30,ICBP,RG,8975,1,F,YU,AK,F
9:41:29,ICBP,RG,8975,1,F,YU,NI,D
9:40:22,ICBP,RG,8975,1,F,YU,PD,D
9:39:50,ICBP,RG,8975,7,F,YU,ZP,F
9:39:50,ICBP,RG,8975,2,D,OD,ZP,F
9:39:50,ICBP,RG,8975,1,D,CS,ZP,F
9:39:50,ICBP,RG,8975,2,D,XC,ZP,F
9:39:50,ICBP,RG,8975,2,D,XC,GR,D
9:39:50,ICBP,RG,8975,1,D,XC,GR,D
9:39:50,ICBP,RG,8975,20,F,DX,GR,D
9:39:50,ICBP,RG,8975,5,D,CC,GR,D
9:39:50,ICBP,RG,8975,10,D,NI,GR,D
9:39:50,ICBP,RG,8975,1,F,CS,GR,D
9:39:50,ICBP,RG,8975,500,D,NI,GR,D
9:39:50,ICBP,RG,8975,2,D,XC,GR,D
9:39:50,ICBP,RG,8975,1,D,YP,GR,D
9:39:50,ICBP,RG,8975,58,D,PC,GR,D
9:39:46,ICBP,RG,8975,2,D,PC,PD,D
9:39:40,ICBP,RG,9000,4,D,PD,DR,D
9:38:45,ICBP,RG,9000,2,D,PS,DR,D
9:38:34,ICBP,RG,9000,2,D,XC,DR,D
9:38:12,ICBP,RG,9000,13,D,BB,DR,D
9:38:06,ICBP,RG,8975,7,D,PC,YP,D
9:38:02,ICBP,RG,8975,8,D,PC,GR,D
9:38:00,ICBP,RG,8975,23,D,PC,CC,D
9:37:57,ICBP,RG,8975,2,D,PC,PD,D
9:37:51,ICBP,RG,8975,19,F,DX,CC,D
9:37:51,ICBP,RG,8975,20,D,SQ,CC,D
9:37:51,ICBP,RG,8975,5,D,YP,CC,D
9:37:51,ICBP,RG,8975,5,D,PD,CC,D
9:37:51,ICBP,RG,8975,1,D,DR,CC,D
9:37:51,ICBP,RG,8975,1,D,AI,CC,D
9:37:51,ICBP,RG,8975,100,D,PD,CC,D
9:37:51,ICBP,RG,8975,1,D,YP,CC,D
9:37:51,ICBP,RG,8975,3,D,PD,CC,D
9:37:51,ICBP,RG,8975,1,D,YP,CC,D
9:37:51,ICBP,RG,8975,18,D,PD,CC,D
9:37:51,ICBP,RG,8975,1,F,CS,CC,D
9:37:51,ICBP,RG,8975,8,D,EP,CC,D
9:37:51,ICBP,RG,8975,2,D,PD,CC,D
9:37:51,ICBP,RG,8975,1,D,PD,CC,D
9:37:51,ICBP,RG,8975,1,D,CC,CC,D
9:37:51,ICBP,RG,8975,3,D,NI,CC,D
9:37:51,ICBP,RG,8975,3,F,YU,CC,D
9:37:51,ICBP,RG,8975,2,D,EP,CC,D
9:37:51,ICBP,RG,8975,7,D,XC,CC,D
9:37:51,ICBP,RG,8975,10,D,KK,CC,D
9:37:51,ICBP,RG,8975,1,D,AI,CC,D
9:37:51,ICBP,RG,8975,1,D,BB,CC,D
9:37:51,ICBP,RG,8975,5,D,YP,CC,D
9:37:51,ICBP,RG,8975,93,F,AK,CC,D
9:37:44,ICBP,RG,8975,14,F,AK,CC,D
9:37:44,ICBP,RG,8975,1,D,YP,CC,D
9:37:05,ICBP,RG,8975,2,D,YP,CC,D
9:35:36,ICBP,RG,8975,10,D,YP,SQ,D
9:35:30,ICBP,RG,8975,1,D,YP,AK,F
9:32:35,ICBP,RG,9000,4,D,XC,DR,D
9:31:58,ICBP,RG,9000,21,D,BB,DR,D
9:30:15,ICBP,RG,8975,1,D,YP,AK,F
9:30:05,ICBP,RG,9000,1,D,XC,DR,D
9:29:12,ICBP,RG,9000,2,D,EP,DR,D
9:29:05,ICBP,RG,9000,1,D,XC,DR,D
9:28:00,ICBP,RG,9000,5,D,EP,DR,D
9:27:32,ICBP,RG,9000,1,D,OD,DR,D
9:27:03,ICBP,RG,9000,1,D,OD,DR,D
9:26:18,ICBP,RG,9000,1,D,PD,DR,D
9:25:28,ICBP,RG,9000,2,D,PD,DR,D
9:24:38,ICBP,RG,9000,1,F,CS,DR,D
9:24:38,ICBP,RG,9000,18,D,PD,DR,D
9:23:23,ICBP,RG,8975,3,D,YP,XC,D
9:23:11,ICBP,RG,9000,5,D,DR,DR,D
9:22:57,ICBP,RG,8975,2,D,YP,PD,D
9:22:55,ICBP,RG,8975,2,D,YP,YP,D
9:21:55,ICBP,RG,8975,1,D,YP,DH,D
9:21:48,ICBP,RG,9000,67,F,AK,DR,D
9:21:48,ICBP,RG,9000,1,F,AK,ZP,F
9:21:48,ICBP,RG,9000,3,F,AK,NI,D
9:21:48,ICBP,RG,9000,1,F,AK,XC,D
9:21:48,ICBP,RG,9000,1,F,AK,ZP,F
9:21:48,ICBP,RG,9000,1,F,AK,KK,D
9:21:48,ICBP,RG,9000,1,F,AK,BB,F
9:21:48,ICBP,RG,9000,1,F,AK,AK,F
9:21:48,ICBP,RG,9000,7,F,AK,DR,D
9:21:48,ICBP,RG,9000,1,F,AK,KK,D
9:21:48,ICBP,RG,9000,4,F,AK,DH,D
9:21:48,ICBP,RG,9000,2,F,AK,XC,D
9:21:48,ICBP,RG,9000,78,F,AK,AK,F
9:21:48,ICBP,RG,9000,161,F,AK,AK,F
9:21:48,ICBP,RG,9000,1,D,CS,AK,F
9:21:05,ICBP,RG,8975,1,D,YP,BB,F
9:20:31,ICBP,RG,8975,1,D,YP,DH,D
9:20:26,ICBP,RG,8975,1,D,YP,DH,D
9:20:22,ICBP,RG,8975,1,D,YP,YP,D
9:20:00,ICBP,RG,8975,1,D,YP,BB,F
9:19:01,ICBP,RG,9000,1,D,PD,AK,F
9:18:48,ICBP,RG,8975,1,D,YP,BB,F
9:18:16,ICBP,RG,8975,7,D,YP,XC,D
9:17:43,ICBP,RG,8975,1,D,YP,BB,F
9:17:26,ICBP,RG,9000,4,D,BB,AK,F
9:17:26,ICBP,RG,8975,3,D,YP,YP,D
9:16:39,ICBP,RG,8975,1,D,YP,BB,F
9:16:14,ICBP,RG,9000,8,D,CC,AK,F
9:16:02,ICBP,RG,8975,1,D,YP,NI,D
9:15:53,ICBP,RG,9000,15,D,PD,AK,F
9:15:53,ICBP,RG,9000,1,D,PD,AK,F
9:15:53,ICBP,RG,9000,2,D,PD,AK,F
9:15:40,ICBP,RG,8975,2,D,YP,XC,D
9:15:07,ICBP,RG,8975,1,D,YP,YP,D
9:14:19,ICBP,RG,8975,1,D,YP,BB,F
9:13:55,ICBP,RG,9000,5,D,NI,AK,F
9:13:34,ICBP,RG,9000,1,D,XC,AK,F
9:13:14,ICBP,RG,8975,1,D,YP,BB,F
9:12:37,ICBP,RG,9000,4,D,PD,AK,F
9:12:37,ICBP,RG,9000,1,D,PD,ZP,F
9:12:37,ICBP,RG,9000,2,D,PD,AK,F
9:12:37,ICBP,RG,9000,5,D,PD,AK,F
9:12:09,ICBP,RG,8975,1,D,YP,BB,F
9:11:06,ICBP,RG,8975,1,D,YP,BB,F
9:10:13,ICBP,RG,9000,3,D,EP,AK,F
9:09:44,ICBP,RG,9000,10,D,YP,AK,F
9:09:05,ICBP,RG,8975,4,D,YP,DH,D
9:08:59,ICBP,RG,8975,1,D,YP,BB,F
9:08:30,ICBP,RG,8975,1,D,YP,KK,D
9:08:02,ICBP,RG,8975,2,D,YP,CC,D
9:07:50,ICBP,RG,8975,1,D,YP,BB,F
9:07:50,ICBP,RG,9000,74,F,CC,AK,F
9:07:50,ICBP,RG,9000,1,F,CC,XC,D
9:07:50,ICBP,RG,9000,2,F,CC,PD,D
9:07:50,ICBP,RG,9000,8,F,CC,YP,D
9:07:50,ICBP,RG,9000,20,F,CC,GR,D
9:07:50,ICBP,RG,9000,2,F,CC,CC,D
9:07:50,ICBP,RG,9000,1,F,CC,PD,D
9:07:50,ICBP,RG,9000,2,F,CC,PD,D
9:06:45,ICBP,RG,8975,1,D,XC,KK,D
9:06:28,ICBP,RG,8975,1,D,XC,BB,F
9:06:20,ICBP,RG,8975,5,D,XC,PD,D
9:06:20,ICBP,RG,8975,1,D,PD,PD,D
9:06:07,ICBP,RG,8975,1,D,PD,SQ,D
9:05:46,ICBP,RG,8975,1,D,YP,KK,D
9:05:25,ICBP,RG,8975,1,D,KK,ZP,F
9:05:25,ICBP,RG,8975,2,D,AT,ZP,F
9:05:20,ICBP,RG,8975,1,D,LG,ZP,F
9:05:14,ICBP,RG,8975,1,D,LG,BB,F
9:04:53,ICBP,RG,8975,1,D,LG,NI,D
9:04:39,ICBP,RG,8975,1,D,LG,EP,D
9:04:39,ICBP,RG,8975,3,D,LG,NI,D
9:04:09,ICBP,RG,8975,1,D,LG,BB,F
9:04:09,ICBP,RG,8975,2,D,LG,YP,D
9:04:09,ICBP,RG,8975,4,D,DH,YP,D
9:02:44,ICBP,RG,8975,1,D,DH,EP,D
9:02:44,ICBP,RG,8975,1,D,MG,EP,D
9:02:44,ICBP,RG,8975,2,D,SQ,EP,D
9:00:58,ICBP,RG,8975,2,D,XC,PD,D
9:00:22,ICBP,RG,8975,2,D,SQ,XC,D
9:00:19,ICBP,RG,8975,6,D,SQ,CC,D
9:00:11,ICBP,RG,8975,2,D,SQ,PD,D
9:00:09,ICBP,RG,8950,1,D,XC,XC,D
9:00:05,ICBP,RG,8975,1,D,DR,BB,F
9:00:05,ICBP,RG,8975,3,D,DR,YP,D
9:00:05,ICBP,RG,8975,5,D,DR,KK,D
9:00:05,ICBP,RG,8975,1,D,DR,KK,D
9:00:01,ICBP,RG,8975,2,D,PD,KK,D
9:00:01,ICBP,RG,8975,16,D,PD,PD,D
8:55:00,ICBP,RG,8975,5,D,YP,PD,D
8:55:00,ICBP,RG,8975,10,D,CC,PD,D
8:55:00,ICBP,RG,8975,19,F,DX,PD,D
8:55:00,ICBP,RG,8975,3,F,DX,YP,D
8:55:00,ICBP,RG,8975,1,F,DX,CC,D
8:55:00,ICBP,RG,8975,5,F,DX,PD,D
8:55:00,ICBP,RG,8975,1,F,DX,KK,D
8:55:00,ICBP,RG,8975,1,F,DX,PD,D
8:55:00,ICBP,RG,8975,2,F,DX,PD,D
8:55:00,ICBP,RG,8975,5,F,DX,AO,D
8:55:00,ICBP,RG,8975,1,F,DX,ZP,D
8:55:00,ICBP,RG,8975,2,F,DX,YP,D
8:55:00,ICBP,RG,8975,5,F,DX,AO,D
8:55:00,ICBP,RG,8975,10,F,DX,AK,F
8:55:00,ICBP,RG,8975,1,F,DX,AK,F